MD5Version 10
commandline ""

numFrames 49
numJoints 30
frameRate 24
numAnimatedComponents 180

hierarchy {
	"bone0"	-1 63 0	//
	"bone1"	0 63 6	// bone0
	"bone3"	1 63 12	// bone1
	"bone5"	2 63 18	// bone3
	"bone7"	3 63 24	// bone5
	"bone9"	4 63 30	// bone7
	"bone11"	5 63 36	// bone9
	"bone15"	6 63 42	// bone11
	"bone21"	7 63 48	// bone15
	"bone25"	8 63 54	// bone21
	"bone27"	9 63 60	// bone25
	"bone28"	10 63 66	// bone27
	"bone29"	11 63 72	// bone28
	"bone22"	7 63 78	// bone15
	"bone26"	13 63 84	// bone22
	"bone16"	6 63 90	// bone11
	"bone23"	15 63 96	// bone16
	"bone17"	6 63 102	// bone11
	"bone24"	17 63 108	// bone17
	"bone12"	5 63 114	// bone9
	"bone18"	19 63 120	// bone12
	"bone13"	5 63 126	// bone9
	"bone19"	21 63 132	// bone13
	"bone2"	0 63 138	// bone0
	"bone4"	23 63 144	// bone2
	"bone6"	24 63 150	// bone4
	"bone8"	25 63 156	// bone6
	"bone10"	26 63 162	// bone8
	"bone14"	27 63 168	// bone10
	"bone20"	28 63 174	// bone14
}

bounds {
	( -6634.312012 -6634.312012 -6634.312012 ) ( -6634.312012 17007.372070 14037.196289 )
	( -6853.886230 -6853.886230 -6853.886230 ) ( -6853.886230 18814.965332 15784.513672 )
	( -7029.000977 -7029.000977 -7029.000977 ) ( -7029.000977 20556.395996 17480.658203 )
	( -7162.731934 -7162.731934 -7162.731934 ) ( -7162.731934 21956.231445 18853.132812 )
	( -7268.134277 -7268.134277 -7268.134277 ) ( -7268.134277 23235.250000 20129.414062 )
	( -7648.821777 -7648.821777 -7648.821777 ) ( -7648.821777 23946.191650 20861.572266 )
	( -8958.856445 -8958.856445 -8958.856445 ) ( -8958.856445 23934.648438 20885.097656 )
	( -11206.120117 -11206.120117 -11206.120117 ) ( -11206.120117 23266.900635 20277.367188 )
	( -12914.155273 -12914.155273 -12914.155273 ) ( -12914.155273 22146.309082 19214.058594 )
	( -14047.819336 -14047.819336 -14047.819336 ) ( -14047.819336 20788.370117 17920.757812 )
	( -14660.096680 -14660.096680 -14660.096680 ) ( -14660.096680 19771.589111 16955.451172 )
	( -14842.483398 -14842.483398 -14842.483398 ) ( -14842.483398 18942.229004 16160.962891 )
	( -15011.457031 -15011.457031 -15011.457031 ) ( -15011.457031 18396.292969 15631.997070 )
	( -15206.802734 -15206.802734 -15206.802734 ) ( -15206.802734 18127.499268 15372.357422 )
	( -15104.207031 -15104.207031 -15104.207031 ) ( -15104.207031 19125.233398 16391.140625 )
	( -14187.375000 -14187.375000 -14187.375000 ) ( -14187.375000 19833.491943 17201.386719 )
	( -12435.310547 -12435.310547 -12435.310547 ) ( -12435.310547 20160.663330 17697.044922 )
	( -10706.281250 -10706.281250 -10706.281250 ) ( -10706.281250 20645.214355 18350.605469 )
	( -8882.453125 -8882.453125 -8882.453125 ) ( -8882.453125 21523.550049 19328.453125 )
	( -7086.605957 -7086.605957 -7086.605957 ) ( -7086.605957 22530.195801 20391.382812 )
	( -7058.559082 -7058.559082 -7058.559082 ) ( -7058.559082 23325.369873 21199.646484 )
	( -7022.777344 -7022.777344 -7022.777344 ) ( -7022.777344 23679.550537 21560.210938 )
	( -6979.092773 -6979.092773 -6979.092773 ) ( -6979.092773 23484.396973 21364.339844 )
	( -6916.335938 -6916.335938 -6916.335938 ) ( -6916.335938 22828.844971 20697.039062 )
	( -6838.361816 -6838.361816 -6838.361816 ) ( -6838.361816 21929.205811 19786.740234 )
	( -6752.521973 -6752.521973 -6752.521973 ) ( -6752.521973 21735.842529 19610.945312 )
	( -6656.131836 -6656.131836 -6656.131836 ) ( -6656.131836 21466.108643 19351.289062 )
	( -6550.867188 -6550.867188 -6550.867188 ) ( -6550.867188 20949.619629 18839.863281 )
	( -6447.479492 -6447.479492 -6447.479492 ) ( -6447.479492 20344.987549 18238.498047 )
	( -6340.995605 -6340.995605 -6340.995605 ) ( -6340.995605 19803.844971 17688.525391 )
	( -6247.796387 -6247.796387 -6247.796387 ) ( -6247.796387 19067.196045 16932.425781 )
	( -6178.408203 -6178.408203 -6178.408203 ) ( -6178.408203 18165.823242 16002.509766 )
	( -6131.273438 -6131.273438 -6131.273438 ) ( -6131.273438 17153.137207 14953.812500 )
	( -6107.064941 -6107.064941 -6107.064941 ) ( -6107.064941 16045.599365 13810.860352 )
	( -6080.679199 -6080.679199 -6080.679199 ) ( -6080.679199 14850.719238 12560.751953 )
	( -6052.414062 -6567.265625 -6052.414062 ) ( -6052.414062 13527.354980 11168.636719 )
	( -6027.958496 -6778.405273 -6027.958496 ) ( -6027.958496 13387.704590 10951.622070 )
	( -5992.071777 -6679.447266 -5992.071777 ) ( -5992.071777 13514.542236 11010.199219 )
	( -5963.103027 -6600.753906 -5963.103027 ) ( -5963.103027 13609.503418 11023.265625 )
	( -5929.836914 -6585.596680 -5929.836914 ) ( -5929.836914 13563.196777 10942.875977 )
	( -5901.081055 -6232.036133 -5901.081055 ) ( -5901.081055 13769.690430 11163.948242 )
	( -5890.649414 -5977.410156 -5890.649414 ) ( -5890.649414 13860.694824 11306.593750 )
	( -5890.323730 -5890.323730 -5890.323730 ) ( -5890.323730 14103.352295 11482.567383 )
	( -5922.125000 -5922.125000 -5922.125000 ) ( -5922.125000 14432.735352 11687.505859 )
	( -5980.316406 -5980.316406 -5980.316406 ) ( -5980.316406 14539.979980 11758.570312 )
	( -6080.859375 -6080.859375 -6080.859375 ) ( -6080.859375 14576.366455 11754.372070 )
	( -6224.634277 -6224.634277 -6224.634277 ) ( -6224.634277 14607.857910 11741.433594 )
	( -6411.769043 -6411.769043 -6411.769043 ) ( -6411.769043 15411.166992 12499.413086 )
	( -6634.312012 -6634.312012 -6634.312012 ) ( -6634.312012 17007.372070 14037.196289 )
}

baseframe {
	( 0.375000 -0.570000 1.710000 ) ( 0.707107 0.000000 -0.000000 )
	( 0.000036 0.000112 0.000170 ) ( 0.994961 -0.065364 -0.065363 )
	( 0.000008 3889.000732 0.001850 ) ( -0.270269 -0.337878 0.346677 )
	( -0.008286 2490.001221 -0.003693 ) ( -0.497701 0.717926 0.051009 )
	( 0.000488 7816.993652 0.008484 ) ( 0.340681 0.226459 0.153670 )
	( -0.025269 1659.999512 0.022522 ) ( -0.000000 0.000000 0.000000 )
	( -1078.586792 2185.720215 1123.885376 ) ( 0.865563 0.000046 0.481643 )
	( 692.232544 702.821899 -2631.150146 ) ( 0.000000 -0.000001 -0.000001 )
	( 20.179844 971.244507 -833.470093 ) ( -0.318260 -0.000013 -0.007794 )
	( -0.000021 1327.000000 -0.004709 ) ( -0.972074 0.002602 -0.031584 )
	( -0.000267 365.000092 0.008299 ) ( -0.319271 -0.008199 -0.011193 )
	( 0.000832 532.998962 -0.029196 ) ( -0.362666 -0.001153 -0.009118 )
	( -0.000023 454.999359 0.002159 ) ( -0.000000 0.000002 0.000001 )
	( 20.179806 971.245483 -833.472290 ) ( -0.347157 -0.000014 -0.008398 )
	( 0.001457 1280.000244 -0.070309 ) ( -0.000000 -0.000004 0.000003 )
	( 692.232605 702.821899 -2631.150146 ) ( 0.172800 -0.000038 -0.712107 )
	( -0.013490 1088.999512 0.000000 ) ( -0.000000 0.000001 -0.000000 )
	( 692.232544 702.821899 -2631.150635 ) ( -0.178445 0.000039 0.682154 )
	( -0.002167 1089.000977 -0.001129 ) ( -0.000000 0.000001 0.000001 )
	( -1078.586792 2185.717041 1123.886353 ) ( 0.651633 0.667234 0.256815 )
	( 0.010098 1088.999146 0.013115 ) ( 0.000000 -0.000001 -0.000001 )
	( -1078.587402 2185.721191 1123.885498 ) ( -0.557368 0.707108 -0.422266 )
	( -0.055153 1088.999390 0.028656 ) ( 0.000000 -0.000000 -0.000000 )
	( -0.000270 -0.000377 0.000048 ) ( -0.134195 0.340861 0.340861 )
	( -0.003815 2343.000488 -0.002625 ) ( -0.198806 0.230951 0.130426 )
	( 0.001465 4028.000977 0.004150 ) ( 0.331091 -0.454903 -0.427623 )
	( 0.004425 2433.998779 -0.002289 ) ( -0.167927 -0.388594 -0.404804 )
	( -0.013794 3784.002197 0.003113 ) ( -0.320373 -0.308440 -0.120967 )
	( 0.009233 2386.999756 -0.022533 ) ( -0.228918 -0.213699 0.049372 )
	( -0.003052 3391.002197 0.013489 ) ( 0.689259 -0.057785 0.058426 )
}

frame 0 {
	0.375000 -0.570000 1.710000 -0.707107 -0.000000 0.000000
	0.000036 0.000112 0.000170 -0.994961 0.065364 0.065363
	0.000008 3889.000732 0.001850 0.270269 0.337878 -0.346677
	-0.008286 2490.001221 -0.003693 0.497701 -0.717926 -0.051009
	0.000488 7816.993652 0.008484 -0.340681 -0.226459 -0.153670
	-0.025269 1659.999512 0.022522 0.000000 -0.000000 -0.000000
	-1078.586792 2185.720215 1123.885376 -0.865563 -0.000046 -0.481643
	692.232544 702.821899 -2631.150146 -0.000000 0.000001 0.000001
	20.179844 971.244507 -833.470093 0.318260 0.000013 0.007794
	-0.000021 1327.000000 -0.004709 0.972074 -0.002602 0.031584
	-0.000267 365.000092 0.008299 0.319271 0.008199 0.011193
	0.000832 532.998962 -0.029196 0.362666 0.001153 0.009118
	-0.000023 454.999359 0.002159 0.000000 -0.000002 -0.000001
	20.179806 971.245483 -833.472290 0.347157 0.000014 0.008398
	0.001457 1280.000244 -0.070309 0.000000 0.000004 -0.000003
	692.232605 702.821899 -2631.150146 -0.172800 0.000038 0.712107
	-0.013490 1088.999512 0.000000 0.000000 -0.000001 0.000000
	692.232544 702.821899 -2631.150635 0.178445 -0.000039 -0.682154
	-0.002167 1089.000977 -0.001129 0.000000 -0.000001 -0.000001
	-1078.586792 2185.717041 1123.886353 -0.651633 -0.667234 -0.256815
	0.010098 1088.999146 0.013115 -0.000000 0.000001 0.000001
	-1078.587402 2185.721191 1123.885498 0.557368 -0.707108 0.422266
	-0.055153 1088.999390 0.028656 -0.000000 0.000000 0.000000
	-0.000270 -0.000377 0.000048 0.134195 -0.340861 -0.340861
	-0.003815 2343.000488 -0.002625 0.198806 -0.230951 -0.130426
	0.001465 4028.000977 0.004150 -0.331091 0.454903 0.427623
	0.004425 2433.998779 -0.002289 0.167927 0.388594 0.404804
	-0.013794 3784.002197 0.003113 0.320373 0.308440 0.120967
	0.009233 2386.999756 -0.022533 0.228918 0.213699 -0.049372
	-0.003052 3391.002197 0.013489 -0.689259 0.057785 -0.058426
}

frame 1 {
	0.375000 -0.570000 1.710000 -0.707107 -0.000000 0.000000
	0.000036 0.000112 0.000170 -0.995075 0.065215 0.065214
	0.000168 3889.000488 0.001772 0.275313 0.331965 -0.345230
	-0.007706 2490.000977 -0.003540 0.499061 -0.729118 -0.042335
	0.000671 7816.995605 0.010010 -0.334122 -0.224071 -0.158211
	-0.025757 1659.998901 0.023987 -0.002821 -0.000454 0.001381
	-1078.586914 2185.721924 1123.885986 -0.865091 -0.000895 -0.481243
	692.236023 702.822693 -2631.147949 -0.005313 -0.022652 -0.000545
	20.179911 971.246765 -833.470032 0.318260 0.000013 0.007794
	0.000011 1327.000488 -0.003716 0.972074 -0.002602 0.031584
	-0.000315 365.000580 0.008945 0.319271 0.008199 0.011193
	0.000832 532.997498 -0.032530 0.362666 0.001153 0.009118
	-0.000023 455.000092 0.000235 0.000000 -0.000002 -0.000001
	20.179865 971.245850 -833.471741 0.347157 0.000014 0.008398
	0.001553 1279.999512 -0.072740 0.000000 0.000004 -0.000003
	692.232544 702.823730 -2631.150146 -0.172800 0.000038 0.712107
	-0.012545 1088.991089 -0.000735 -0.000244 -0.000001 -0.015912
	692.232422 702.821777 -2631.150391 0.178445 -0.000039 -0.682154
	-0.003128 1088.977417 -0.003937 -0.014471 -0.000002 0.025954
	-1078.587036 2185.718750 1123.886841 -0.651633 -0.667234 -0.256815
	0.010146 1088.999146 0.012493 0.004411 0.000001 -0.003059
	-1078.587036 2185.722900 1123.886108 0.557368 -0.707108 0.422266
	-0.054993 1088.999268 0.028809 0.001254 0.000000 0.002589
	-0.000270 -0.000621 -0.000074 0.132821 -0.341399 -0.337372
	-0.003387 2343.000732 -0.002563 0.201452 -0.230765 -0.132162
	0.001404 4028.001221 0.004425 -0.312115 0.465254 0.403115
	0.004555 2433.999023 -0.001572 0.149365 0.397974 0.352788
	-0.013367 3784.000244 0.001160 0.310353 0.309478 0.116400
	0.009953 2386.999512 -0.024170 0.241671 0.213288 -0.050882
	-0.003601 3391.001953 0.011597 -0.689259 0.057785 -0.058426
}

frame 2 {
	0.375000 -0.570000 1.710000 -0.707107 -0.000000 0.000000
	0.000036 0.000112 0.000170 -0.994870 0.065844 0.065113
	0.000114 3889.000488 0.002153 0.267469 0.332237 -0.335688
	-0.008194 2490.001465 -0.004150 0.502155 -0.737272 -0.035077
	0.000610 7816.994141 0.009155 -0.327970 -0.221086 -0.163136
	-0.025696 1659.998413 0.023499 -0.005494 0.001269 0.003249
	-1078.586548 2185.720215 1123.885254 -0.864167 0.000606 -0.479747
	692.237976 702.821533 -2631.145264 -0.011597 -0.040475 -0.003198
	20.179947 971.245544 -833.470581 0.318260 0.000013 0.007794
	0.000114 1326.999756 -0.004696 0.972074 -0.002602 0.031584
	-0.000309 364.998199 0.008105 0.319271 0.008199 0.011193
	0.000748 532.999207 -0.029601 0.362666 0.001153 0.009118
	-0.000069 454.999603 0.000941 0.000000 -0.000002 -0.000001
	20.179909 971.245544 -833.472778 0.347157 0.000014 0.008398
	0.001541 1279.997925 -0.071863 0.000000 0.000004 -0.000003
	692.232788 702.823608 -2631.150146 -0.172800 0.000038 0.712107
	-0.014639 1088.979614 -0.000549 -0.000607 -0.000002 -0.039485
	692.232849 702.822632 -2631.150391 0.178445 -0.000039 -0.682154
	-0.011040 1088.954468 -0.004669 -0.029115 -0.000002 0.052221
	-1078.586670 2185.717285 1123.886108 -0.651633 -0.667234 -0.256815
	0.010571 1088.999512 0.012478 0.016069 0.000001 -0.011146
	-1078.586914 2185.722168 1123.884644 0.557368 -0.707108 0.422266
	-0.055742 1088.999634 0.028931 0.004848 0.000000 0.010009
	-0.000209 -0.000621 -0.000074 0.129213 -0.342781 -0.328208
	-0.003662 2343.000732 -0.002960 0.205029 -0.230511 -0.134508
	0.001282 4028.000244 0.004822 -0.283818 0.479188 0.366567
	0.004669 2434.000000 -0.002167 0.127846 0.406706 0.294556
	-0.013184 3784.000732 0.002563 0.299628 0.310538 0.111515
	0.009262 2386.999268 -0.023170 0.264298 0.212461 -0.053551
	-0.004196 3391.001953 0.012954 -0.689259 0.057785 -0.058426
}

frame 3 {
	0.375000 -0.570000 1.710000 -0.707107 -0.000000 0.000000
	0.000097 0.000356 0.000170 -0.994395 0.066744 0.064753
	0.000214 3889.000977 0.001965 0.249496 0.337879 -0.320086
	-0.007523 2490.001221 -0.003693 0.506041 -0.743093 -0.029462
	0.001160 7816.994629 0.008179 -0.321905 -0.217544 -0.167877
	-0.025818 1659.997803 0.023193 -0.007717 0.005792 0.005600
	-1078.586426 2185.722412 1123.885376 -0.862418 0.004456 -0.478081
	692.238098 702.819519 -2631.141357 -0.018608 -0.053683 -0.007099
	20.179947 971.246643 -833.469910 0.318260 0.000013 0.007794
	0.000107 1327.000000 -0.004540 0.972074 -0.002602 0.031584
	-0.000317 364.999756 0.007998 0.319271 0.008199 0.011193
	0.000813 533.000122 -0.029373 0.362666 0.001153 0.009118
	-0.000004 454.999878 0.001716 0.000000 -0.000002 -0.000001
	20.179920 971.245728 -833.471924 0.347157 0.000014 0.008398
	0.001610 1279.998413 -0.072968 -0.000000 0.000004 -0.000003
	692.232788 702.823853 -2631.149902 -0.172800 0.000038 0.712107
	-0.013969 1088.965454 -0.000244 -0.001040 -0.000002 -0.067627
	692.232666 702.821899 -2631.150146 0.178445 -0.000039 -0.682154
	-0.016090 1088.931152 -0.008057 -0.044012 -0.000003 0.078941
	-1078.586792 2185.717529 1123.886719 -0.651633 -0.667234 -0.256815
	0.009249 1088.999023 0.012730 0.033391 0.000001 -0.023163
	-1078.587036 2185.723389 1123.885620 0.557368 -0.707108 0.422266
	-0.055376 1088.998535 0.029236 0.010197 0.000000 0.021052
	-0.000087 -0.000377 0.000048 0.123610 -0.344841 -0.313974
	-0.003571 2343.000977 -0.003235 0.208136 -0.230285 -0.136547
	0.001495 4027.999268 0.004761 -0.247338 0.494714 0.319451
	0.003395 2433.999268 -0.001801 0.104048 0.413957 0.232102
	-0.012573 3784.001221 0.000671 0.288857 0.311550 0.106613
	0.009155 2386.999512 -0.023930 0.294418 0.211167 -0.057084
	-0.003433 3391.001709 0.013168 -0.689259 0.057786 -0.058426
}

frame 4 {
	0.375000 -0.570000 1.710000 -0.707107 -0.000000 0.000000
	0.000036 0.000356 0.000170 -0.993609 0.067426 0.063861
	0.000214 3889.000732 0.001854 0.224342 0.346303 -0.299340
	-0.007141 2490.001465 -0.003601 0.511117 -0.746769 -0.024765
	0.001709 7816.993652 0.007874 -0.315482 -0.214211 -0.173782
	-0.025330 1660.000977 0.023560 -0.009193 0.012080 0.007979
	-1078.586792 2185.724609 1123.884521 -0.860633 0.009474 -0.475369
	692.236694 702.819336 -2631.138672 -0.025160 -0.063012 -0.011699
	20.179962 971.244995 -833.469543 0.318260 0.000013 0.007794
	0.000053 1327.001099 -0.004316 0.972074 -0.002602 0.031584
	-0.000309 364.999817 0.008194 0.319271 0.008199 0.011193
	0.000778 532.999512 -0.028849 0.362666 0.001153 0.009118
	-0.000028 455.000854 0.001191 0.000000 -0.000002 -0.000001
	20.179893 971.246033 -833.471985 0.347157 0.000014 0.008398
	0.001526 1279.997925 -0.072881 -0.000000 0.000004 -0.000003
	692.232300 702.822937 -2631.150391 -0.172800 0.000038 0.712107
	-0.011681 1088.950073 0.000671 -0.001496 -0.000002 -0.097242
	692.232239 702.821960 -2631.150879 0.178445 -0.000039 -0.682154
	-0.022179 1088.908813 -0.012238 -0.058867 -0.000003 0.105586
	-1078.587158 2185.718750 1123.885986 -0.651633 -0.667234 -0.256815
	0.007838 1088.999146 0.012169 0.055415 0.000001 -0.038441
	-1078.587646 2185.723633 1123.884521 0.557368 -0.707108 0.422266
	-0.058323 1088.999634 0.027710 0.016379 0.000000 0.033816
	-0.000392 -0.000621 -0.000440 0.115976 -0.347483 -0.294585
	-0.003174 2343.000977 -0.002411 0.211240 -0.230057 -0.138583
	0.001434 4028.000732 0.004517 -0.204034 0.509898 0.263522
	0.005272 2434.001221 -0.001648 0.078711 0.419775 0.166887
	-0.013489 3784.001709 0.002258 0.277375 0.312571 0.101392
	0.009369 2386.999268 -0.022923 0.329632 0.209365 -0.061186
	-0.003754 3391.002197 0.012573 -0.689259 0.057785 -0.058426
}

frame 5 {
	0.375000 -0.570000 1.710000 -0.707107 -0.000000 0.000000
	0.000097 0.000112 0.000170 -0.992485 0.068309 0.062888
	0.000126 3889.000977 0.002178 0.194787 0.356658 -0.274943
	-0.007690 2490.001465 -0.004028 0.517208 -0.748279 -0.022271
	0.000732 7816.995605 0.009705 -0.309343 -0.209420 -0.179636
	-0.026001 1659.997559 0.023361 -0.010257 0.020926 0.010933
	-1078.586670 2185.722412 1123.885254 -0.858040 0.015601 -0.472782
	692.235596 702.816895 -2631.134521 -0.032767 -0.067903 -0.016003
	20.179951 971.246582 -833.470520 0.318260 0.000013 0.007794
	0.000061 1326.999023 -0.003227 0.972074 -0.002602 0.031584
	-0.000267 365.000397 0.007869 0.319271 0.008199 0.011193
	0.000755 532.997986 -0.028539 0.362666 0.001153 0.009118
	-0.000046 454.999664 0.003977 0.000000 -0.000002 -0.000001
	20.179874 971.247620 -833.472900 0.347157 0.000014 0.008398
	0.001595 1279.998047 -0.073224 0.000000 0.000004 -0.000003
	692.232727 702.822021 -2631.150391 -0.172800 0.000038 0.712107
	-0.012558 1088.936523 -0.000458 -0.001939 -0.000002 -0.126010
	692.232666 702.821045 -2631.150879 0.178445 -0.000039 -0.682154
	-0.025436 1088.887939 -0.015717 -0.073575 -0.000004 0.131966
	-1078.586914 2185.719482 1123.886230 -0.651633 -0.667234 -0.256815
	0.009852 1088.998779 0.011090 0.080692 0.000001 -0.055976
	-1078.587158 2185.723633 1123.885132 0.557368 -0.707108 0.422266
	-0.054005 1088.998901 0.028625 0.022641 0.000000 0.046746
	-0.000392 -0.000621 -0.000074 0.107010 -0.350348 -0.271812
	-0.003296 2343.001221 -0.002869 0.213566 -0.229883 -0.140109
	0.001373 4028.001465 0.004395 -0.154784 0.523246 0.199913
	0.004204 2434.000977 -0.002106 0.051705 0.423171 0.100268
	-0.013046 3784.000000 0.001526 0.265341 0.313578 0.095924
	0.009033 2386.997803 -0.025375 0.366508 0.207132 -0.065447
	-0.003357 3391.001709 0.012833 -0.689259 0.057785 -0.058426
}

frame 6 {
	0.375000 -0.570000 1.710000 -0.707107 -0.000000 0.000000
	0.000097 0.000112 0.000170 -0.991054 0.069517 0.061967
	0.000145 3889.000732 0.002102 0.165449 0.367216 -0.249535
	-0.007507 2490.001221 -0.003754 0.524205 -0.748019 -0.020180
	0.000732 7816.996582 0.008606 -0.303169 -0.204896 -0.186463
	-0.025177 1659.999756 0.023083 -0.010773 0.031350 0.014313
	-1078.586060 2185.723145 1123.885254 -0.855799 0.022425 -0.469580
	692.233826 702.816772 -2631.129883 -0.038967 -0.069836 -0.020269
	20.180027 971.244446 -833.469727 0.318260 0.000013 0.007794
	0.000076 1326.999878 -0.003577 0.972074 -0.002602 0.031584
	-0.000267 365.001495 0.008048 0.319271 0.008199 0.011193
	0.000687 532.998352 -0.029655 0.362666 0.001153 0.009118
	-0.000015 455.000305 0.001591 0.000000 -0.000002 -0.000001
	20.179943 971.245422 -833.472168 0.347157 0.000014 0.008398
	0.001587 1280.000000 -0.070408 0.000000 0.000004 -0.000003
	692.232788 702.823486 -2631.150391 -0.172800 0.000038 0.712107
	-0.010262 1088.925293 -0.000061 -0.002310 -0.000002 -0.150126
	692.232727 702.822510 -2631.150879 0.178445 -0.000039 -0.682154
	-0.038147 1088.866211 -0.020416 -0.087664 -0.000004 0.157236
	-1078.586182 2185.718750 1123.886230 -0.651633 -0.667234 -0.256815
	0.010499 1088.998413 0.013029 0.106831 0.000001 -0.074108
	-1078.586182 2185.723145 1123.885254 0.557368 -0.707108 0.422266
	-0.054821 1088.999268 0.028748 0.028732 0.000000 0.059321
	-0.000270 -0.000377 -0.000196 0.096620 -0.353354 -0.245419
	-0.003265 2343.000732 -0.002533 0.215271 -0.229754 -0.141227
	0.001678 4028.000977 0.004547 -0.102119 0.533240 0.131892
	0.005112 2434.001221 -0.002136 0.025273 0.425031 0.034425
	-0.013000 3784.000488 0.001175 0.251574 0.314652 0.089675
	0.008972 2386.998535 -0.021843 0.403502 0.204521 -0.069684
	-0.003784 3391.002197 0.014160 -0.689259 0.057786 -0.058426
}

frame 7 {
	0.375000 -0.570000 1.710000 -0.707107 -0.000000 0.000000
	0.000036 0.000112 0.000292 -0.989615 0.069999 0.060891
	0.000233 3889.000244 0.002163 0.139289 0.376483 -0.225231
	-0.008331 2490.001465 -0.003693 0.531607 -0.746329 -0.018703
	0.001358 7816.995605 0.009048 -0.297123 -0.199768 -0.193124
	-0.025879 1659.998657 0.023209 -0.011108 0.043345 0.017186
	-1078.586304 2185.723877 1123.885254 -0.853781 0.028540 -0.466711
	692.231812 702.815979 -2631.125000 -0.044533 -0.069419 -0.023932
	20.180019 971.244141 -833.470642 0.318260 0.000013 0.007794
	0.000191 1326.999268 -0.004920 0.972074 -0.002602 0.031584
	-0.000275 364.999512 0.008293 0.319271 0.008199 0.011193
	0.000740 532.998718 -0.030123 0.362666 0.001153 0.009118
	-0.000099 454.999512 -0.000118 0.000000 -0.000002 -0.000001
	20.179953 971.245117 -833.473083 0.347157 0.000014 0.008398
	0.001637 1279.996460 -0.071508 0.000000 0.000004 -0.000003
	692.232849 702.823425 -2631.149658 -0.172800 0.000038 0.712107
	-0.008041 1088.916748 -0.000336 -0.002566 -0.000002 -0.166784
	692.232971 702.821533 -2631.150879 0.178445 -0.000039 -0.682154
	-0.044785 1088.845703 -0.025574 -0.101403 -0.000004 0.181879
	-1078.586304 2185.718750 1123.886353 -0.651633 -0.667234 -0.256815
	0.011030 1088.998535 0.013184 0.133325 0.000001 -0.092487
	-1078.586792 2185.723877 1123.885376 0.557368 -0.707108 0.422266
	-0.054897 1088.998169 0.029297 0.033568 0.000000 0.069305
	-0.000148 -0.000377 -0.000074 0.085325 -0.356250 -0.216731
	-0.003372 2343.000732 -0.002228 0.215581 -0.229731 -0.141431
	0.001465 4028.000732 0.004211 -0.048311 0.539130 0.062396
	0.004768 2433.999756 -0.001617 -0.000740 0.425104 -0.028118
	-0.012817 3784.000000 0.002625 0.236731 0.315718 0.082944
	0.009155 2387.000000 -0.023651 0.437789 0.201750 -0.073575
	-0.003479 3391.001709 0.013367 -0.689259 0.057785 -0.058426
}

frame 8 {
	0.375000 -0.570000 1.710000 -0.707107 -0.000000 0.000000
	0.000097 -0.000133 0.000292 -0.988271 0.071131 0.060486
	0.000111 3889.000244 0.001637 0.119133 0.383993 -0.204451
	-0.007355 2490.001465 -0.003998 0.539568 -0.743379 -0.018685
	0.002396 7816.994141 0.008736 -0.290804 -0.194447 -0.199996
	-0.025757 1659.998535 0.023552 -0.011083 0.056925 0.020042
	-1078.586670 2185.722168 1123.885132 -0.852396 0.034713 -0.464405
	692.229980 702.815063 -2631.123047 -0.048959 -0.066297 -0.025854
	20.179785 971.245544 -833.469360 0.318260 0.000013 0.007794
	0.000084 1326.998901 -0.004260 0.972074 -0.002602 0.031584
	-0.000324 365.001160 0.007737 0.319271 0.008199 0.011193
	0.000794 532.999390 -0.028639 0.362666 0.001153 0.009118
	-0.000020 455.000397 0.001516 0.000000 -0.000002 -0.000001
	20.179733 971.246521 -833.471802 0.347157 0.000014 0.008398
	0.001463 1279.997559 -0.069720 0.000000 0.000004 -0.000003
	692.232422 702.823181 -2631.151123 -0.172800 0.000038 0.712107
	-0.003487 1088.912109 0.000336 -0.002677 -0.000002 -0.173963
	692.232361 702.822205 -2631.151367 0.178445 -0.000039 -0.682154
	-0.057755 1088.828735 -0.032349 -0.114332 -0.000005 0.205069
	-1078.586426 2185.717041 1123.886475 -0.651633 -0.667234 -0.256815
	0.010740 1088.998413 0.012321 0.157824 0.000001 -0.109482
	-1078.586914 2185.723389 1123.885010 0.557368 -0.707108 0.422266
	-0.056721 1088.998779 0.027954 0.037067 0.000000 0.076529
	-0.000392 -0.000621 -0.000074 0.073119 -0.358954 -0.185725
	-0.003693 2342.999756 -0.003044 0.214961 -0.229778 -0.141024
	0.001678 4028.001465 0.004150 0.003756 0.540806 -0.004852
	0.004791 2433.999512 -0.001587 -0.024530 0.424051 -0.086464
	-0.015076 3784.001953 0.002991 0.220802 0.316758 0.075728
	0.008881 2386.998535 -0.022194 0.466743 0.199135 -0.076834
	-0.003052 3391.002930 0.013123 -0.689259 0.057785 -0.058426
}

frame 9 {
	0.375000 -0.570000 1.710000 -0.707107 -0.000000 0.000000
	0.000097 0.000112 0.000292 -0.987644 0.071263 0.060027
	0.000198 3889.000732 0.001987 0.111248 0.389081 -0.189030
	-0.007065 2490.000977 -0.003891 0.547778 -0.739393 -0.018795
	0.001129 7816.996094 0.008732 -0.284222 -0.188919 -0.207083
	-0.026184 1660.000244 0.023621 -0.011156 0.070942 0.022829
	-1078.586670 2185.722168 1123.886108 -0.852010 0.039176 -0.463838
	692.229309 702.813904 -2631.120605 -0.050357 -0.061437 -0.025996
	20.179890 971.244019 -833.470154 0.318260 0.000013 0.007794
	-0.000033 1326.998413 -0.004449 0.972074 -0.002602 0.031584
	-0.000334 365.001648 0.008249 0.319271 0.008199 0.011193
	0.000784 532.999329 -0.027588 0.362666 0.001153 0.009118
	0.000018 454.999786 0.000418 0.000000 -0.000002 -0.000001
	20.179802 971.244995 -833.471619 0.347157 0.000014 0.008398
	0.001438 1279.998901 -0.072013 0.000000 0.000004 -0.000003
	692.232727 702.823425 -2631.150146 -0.172800 0.000038 0.712107
	-0.005356 1088.914062 -0.000732 -0.002657 -0.000002 -0.172641
	692.232666 702.822449 -2631.150146 0.178445 -0.000039 -0.682154
	-0.067184 1088.812256 -0.037506 -0.126004 -0.000005 0.226004
	-1078.586548 2185.718018 1123.886719 -0.651633 -0.667234 -0.256815
	0.011584 1088.998535 0.013537 0.179410 0.000001 -0.124456
	-1078.586182 2185.723145 1123.885620 0.557368 -0.707108 0.422266
	-0.057714 1088.998779 0.028931 0.037650 0.000000 0.077732
	-0.000270 -0.000621 -0.000318 0.060689 -0.361264 -0.154153
	-0.003187 2343.001221 -0.002256 0.211706 -0.230022 -0.138888
	0.001434 4028.000488 0.003937 0.052055 0.538858 -0.067233
	0.005196 2434.001953 -0.001694 -0.046381 0.421428 -0.137865
	-0.013550 3784.002197 0.002747 0.202582 0.317816 0.067485
	0.009109 2386.998291 -0.022980 0.487758 0.197071 -0.079182
	-0.003479 3391.000488 0.014008 -0.689259 0.057785 -0.058426
}

frame 10 {
	0.375000 -0.570000 1.710000 -0.707107 -0.000000 0.000000
	0.000097 0.000112 0.000292 -0.987413 0.071337 0.060127
	0.000126 3889.000732 0.002483 0.110034 0.393055 -0.178194
	-0.007080 2490.000977 -0.003815 0.556545 -0.734286 -0.019395
	0.001442 7816.993164 0.009079 -0.277150 -0.182720 -0.214468
	-0.025787 1659.998169 0.023636 -0.011179 0.085497 0.025486
	-1078.586792 2185.720703 1123.885254 -0.852890 0.042445 -0.463234
	692.229736 702.815674 -2631.123047 -0.049307 -0.055370 -0.023426
	20.179970 971.246460 -833.469604 0.318260 0.000013 0.007794
	0.000076 1326.999268 -0.003881 0.972074 -0.002602 0.031584
	-0.000351 364.998352 0.008425 0.319271 0.008199 0.011193
	0.000750 532.998474 -0.026772 0.362666 0.001153 0.009118
	-0.000027 455.000275 0.000780 0.000000 -0.000002 -0.000001
	20.179955 971.245483 -833.472046 0.347157 0.000014 0.008398
	0.001656 1279.998535 -0.073146 0.000000 0.000004 -0.000003
	692.232849 702.824219 -2631.150146 -0.172800 0.000038 0.712107
	-0.006020 1088.915405 -0.000458 -0.002596 -0.000002 -0.168674
	692.232849 702.822266 -2631.150391 0.178445 -0.000039 -0.682154
	-0.075516 1088.797974 -0.041290 -0.136703 -0.000006 0.245195
	-1078.586426 2185.716553 1123.885986 -0.651633 -0.667234 -0.256815
	0.009749 1088.997681 0.011933 0.196282 0.000001 -0.136160
	-1078.586792 2185.721680 1123.885010 0.557368 -0.707108 0.422266
	-0.055772 1088.998779 0.029663 0.036567 0.000000 0.075497
	-0.000392 -0.000621 -0.000440 0.048325 -0.363124 -0.122749
	-0.003647 2343.000977 -0.003036 0.206894 -0.230376 -0.135731
	0.001068 4028.000488 0.003784 0.094007 0.534402 -0.121417
	0.004921 2434.000732 -0.002045 -0.064423 0.418689 -0.180966
	-0.013855 3784.000977 0.001221 0.182219 0.318836 0.058283
	0.010158 2386.997559 -0.024750 0.499640 0.195840 -0.080504
	-0.004150 3391.001465 0.013733 -0.689259 0.057785 -0.058426
}

frame 11 {
	0.375000 -0.570000 1.710000 -0.707107 -0.000000 0.000000
	0.000097 0.000112 0.000414 -0.987490 0.071313 0.060094
	0.000111 3889.000488 0.002125 0.112974 0.396289 -0.169206
	-0.007401 2490.001465 -0.003708 0.564738 -0.728716 -0.020988
	0.000694 7816.995605 0.009987 -0.270362 -0.176468 -0.222339
	-0.026978 1660.000366 0.023560 -0.010432 0.100694 0.027562
	-1078.587524 2185.723389 1123.885742 -0.854340 0.045525 -0.462981
	692.231079 702.814514 -2631.124756 -0.044707 -0.045740 -0.017480
	20.179970 971.245239 -833.470337 0.318260 0.000013 0.007794
	0.000153 1326.998901 -0.004065 0.972074 -0.002602 0.031584
	-0.000351 365.001648 0.009181 0.319271 0.008199 0.011193
	0.000786 532.997925 -0.029715 0.362666 0.001153 0.009118
	-0.000015 455.000702 0.002056 0.000000 -0.000002 -0.000001
	20.179916 971.246277 -833.472290 0.347157 0.000014 0.008398
	0.001587 1279.998657 -0.072460 0.000000 0.000004 -0.000003
	692.232727 702.822754 -2631.149170 -0.172800 0.000038 0.712107
	-0.009727 1088.918579 -0.000702 -0.002500 -0.000002 -0.162434
	692.232605 702.820740 -2631.149414 0.178445 -0.000039 -0.682154
	-0.085159 1088.786743 -0.049164 -0.145996 -0.000006 0.261862
	-1078.587036 2185.718994 1123.885986 -0.651633 -0.667234 -0.256815
	0.007834 1088.998413 0.011957 0.208040 0.000001 -0.144317
	-1078.587402 2185.723145 1123.885498 0.557368 -0.707108 0.422266
	-0.056124 1088.999146 0.028778 0.033735 0.000000 0.069649
	-0.000392 -0.000621 -0.000196 0.036116 -0.364541 -0.091735
	-0.003250 2343.000977 -0.002304 0.199740 -0.230886 -0.131038
	0.001434 4027.999756 0.004120 0.128287 0.528809 -0.165692
	0.005028 2434.001221 -0.002045 -0.078522 0.416011 -0.214924
	-0.011944 3784.001221 0.002304 0.160211 0.319747 0.048352
	0.009262 2386.998047 -0.021812 0.500626 0.195736 -0.080613
	-0.003510 3390.999268 0.015045 -0.689259 0.057785 -0.058426
}

frame 12 {
	0.375000 -0.570000 1.710000 -0.707107 -0.000000 0.000000
	0.000036 0.000112 0.000292 -0.987821 0.071205 0.059950
	-0.000023 3889.000732 0.001999 0.119626 0.399461 -0.162667
	-0.007721 2490.001221 -0.003967 0.573191 -0.722458 -0.021879
	0.001389 7816.996582 0.008240 -0.263354 -0.170445 -0.230005
	-0.025818 1659.999634 0.023628 -0.010233 0.115995 0.029750
	-1078.586304 2185.722900 1123.884888 -0.856287 0.047524 -0.463013
	692.233643 702.815247 -2631.129639 -0.037745 -0.032566 -0.009315
	20.180008 971.244812 -833.469849 0.318260 0.000013 0.007794
	0.000076 1327.000122 -0.003162 0.972074 -0.002602 0.031584
	-0.000340 365.001373 0.009111 0.319271 0.008199 0.011193
	0.000778 532.998596 -0.028923 0.362666 0.001153 0.009118
	-0.000031 455.000061 0.003126 0.000000 -0.000002 -0.000001
	20.179955 971.245850 -833.471741 0.347157 0.000014 0.008398
	0.001648 1279.998657 -0.072411 0.000000 0.000004 -0.000003
	692.232971 702.821960 -2631.150635 -0.172800 0.000038 0.712107
	-0.007385 1088.923218 -0.000275 -0.002386 -0.000002 -0.155052
	692.233032 702.821045 -2631.151123 0.178445 -0.000039 -0.682154
	-0.093307 1088.776245 -0.052124 -0.153814 -0.000006 0.275885
	-1078.586182 2185.718750 1123.885986 -0.651633 -0.667234 -0.256815
	0.010130 1088.997681 0.013721 0.212457 0.000001 -0.147381
	-1078.586914 2185.722900 1123.885010 0.557368 -0.707108 0.422266
	-0.057091 1088.999268 0.027679 0.029733 0.000000 0.061387
	0.000097 -0.000377 -0.000318 0.024706 -0.365492 -0.062755
	-0.003716 2343.000000 -0.003113 0.190074 -0.231545 -0.124697
	0.001518 4028.000488 0.005524 0.152849 0.523689 -0.197415
	0.001427 2434.000732 -0.002045 -0.088220 0.413682 -0.238318
	-0.012924 3784.000977 0.000458 0.134991 0.320552 0.036989
	0.009369 2387.000488 -0.023163 0.488090 0.197037 -0.079219
	-0.004395 3391.003174 0.013855 -0.689259 0.057785 -0.058426
}

frame 13 {
	0.375000 -0.570000 1.710000 -0.707107 -0.000000 0.000000
	0.000036 0.000112 0.000170 -0.988186 0.071180 0.060708
	0.000217 3889.000488 0.002163 0.128835 0.402210 -0.157744
	-0.007690 2490.001221 -0.003876 0.581549 -0.715787 -0.023811
	0.000671 7816.996094 0.008453 -0.256333 -0.163538 -0.237423
	-0.026184 1659.999756 0.023071 -0.009651 0.131459 0.031436
	-1078.587036 2185.722412 1123.885986 -0.858541 0.049612 -0.463137
	692.236206 702.818054 -2631.132568 -0.027618 -0.015295 0.000863
	20.179903 971.246765 -833.469299 0.318260 0.000013 0.007794
	0.000046 1326.999634 -0.004297 0.972074 -0.002602 0.031584
	-0.000267 364.999878 0.007731 0.319271 0.008199 0.011193
	0.000793 532.998962 -0.028855 0.362666 0.001153 0.009118
	0.000000 454.999725 0.001657 0.000000 -0.000002 -0.000001
	20.179873 971.246948 -833.471313 0.347157 0.000014 0.008398
	0.001526 1279.999268 -0.071203 0.000000 0.000004 -0.000003
	692.232849 702.824280 -2631.148682 -0.172800 0.000038 0.712107
	-0.010642 1088.927490 -0.000366 -0.002225 -0.000002 -0.144626
	692.232666 702.822327 -2631.148926 0.178445 -0.000039 -0.682154
	-0.098152 1088.770020 -0.055603 -0.159737 -0.000006 0.286508
	-1078.586670 2185.719238 1123.886475 -0.651633 -0.667234 -0.256815
	0.008875 1088.998901 0.013073 0.208497 0.000001 -0.144634
	-1078.586670 2185.724365 1123.885010 0.557368 -0.707108 0.422266
	-0.055023 1088.998657 0.028656 0.025062 0.000000 0.051742
	-0.000209 -0.000377 -0.000074 0.012430 -0.366115 -0.031573
	-0.003490 2343.000244 -0.003265 0.175054 -0.232500 -0.114843
	0.001703 4027.999512 0.004547 0.168706 0.519876 -0.217895
	0.004456 2434.001221 -0.001465 -0.093603 0.413038 -0.250142
	-0.012726 3784.001953 0.001701 0.097840 0.321277 0.020284
	0.008469 2387.000000 -0.024521 0.425809 0.202758 -0.072220
	-0.003540 3391.001465 0.014343 -0.689259 0.057785 -0.058426
}

frame 14 {
	0.375000 -0.570000 1.710000 -0.707107 -0.000000 0.000000
	-0.000025 0.000112 0.000292 -0.988707 0.071051 0.061021
	0.000099 3889.000977 0.001736 0.139479 0.404315 -0.154113
	-0.007919 2490.001221 -0.003922 0.589215 -0.708929 -0.025653
	0.001007 7816.994629 0.008911 -0.248563 -0.157001 -0.245438
	-0.025828 1660.000000 0.022952 -0.009240 0.145551 0.032824
	-1078.586670 2185.723145 1123.885376 -0.861079 0.050427 -0.463376
	692.239136 702.820251 -2631.139648 -0.015785 0.004019 0.011427
	20.179857 971.246338 -833.469299 0.318260 0.000013 0.007794
	0.000046 1326.998901 -0.003823 0.972074 -0.002602 0.031584
	-0.000313 365.001831 0.009095 0.319271 0.008199 0.011193
	0.000786 532.998718 -0.030302 0.362666 0.001153 0.009118
	-0.000076 455.000671 0.000580 0.000000 -0.000002 -0.000001
	20.179842 971.246460 -833.470764 0.347157 0.000014 0.008398
	0.001572 1279.999390 -0.073424 0.000000 0.000004 -0.000003
	692.232910 702.823792 -2631.150635 -0.172800 0.000038 0.712107
	-0.011365 1088.932861 -0.000534 -0.002053 -0.000002 -0.133425
	692.232910 702.822937 -2631.151123 0.178445 -0.000039 -0.682154
	-0.102310 1088.764282 -0.058685 -0.164052 -0.000006 0.294248
	-1078.586548 2185.718018 1123.886353 -0.651633 -0.667234 -0.256815
	0.007820 1088.998535 0.013084 0.199340 0.000001 -0.138282
	-1078.586914 2185.724121 1123.885010 0.557368 -0.707108 0.422266
	-0.056343 1088.999146 0.028534 0.019886 0.000000 0.041058
	-0.000209 -0.000377 -0.000196 -0.001546 -0.366323 0.003926
	-0.003517 2343.000244 -0.002953 0.154622 -0.233669 -0.101439
	0.001633 4028.001221 0.004761 0.180632 0.516740 -0.233298
	0.005150 2434.000977 -0.001648 -0.094728 0.413021 -0.252876
	-0.013672 3784.002197 0.002045 0.046892 0.321393 -0.002559
	0.009369 2386.999512 -0.023537 0.305843 0.210617 -0.058419
	-0.003662 3391.003906 0.013550 -0.689259 0.057785 -0.058426
}

frame 15 {
	0.375000 -0.570000 1.710000 -0.707107 -0.000000 0.000000
	0.000036 -0.000133 0.000292 -0.989250 0.070346 0.061269
	0.000137 3889.000732 0.002010 0.150494 0.406909 -0.150901
	-0.008011 2490.001465 -0.004028 0.596373 -0.702133 -0.027121
	0.001495 7816.995117 0.009430 -0.240370 -0.150179 -0.253743
	-0.025818 1660.001343 0.022499 -0.008259 0.159482 0.033613
	-1078.586548 2185.722168 1123.885010 -0.863552 0.051774 -0.463455
	692.241760 702.822632 -2631.146729 -0.003556 0.025187 0.021593
	20.179916 971.248474 -833.469238 0.318260 0.000013 0.007794
	0.000122 1326.999634 -0.004559 0.972074 -0.002602 0.031584
	-0.000374 365.000793 0.008584 0.319271 0.008199 0.011193
	0.000729 532.999146 -0.028694 0.362666 0.001153 0.009118
	-0.000015 454.999390 0.002311 0.000000 -0.000002 -0.000001
	20.179874 971.247803 -833.471313 0.347157 0.000014 0.008398
	0.001495 1280.000366 -0.069660 0.000000 0.000004 -0.000003
	692.232910 702.824402 -2631.150391 -0.172800 0.000038 0.712107
	-0.012144 1088.939453 -0.001259 -0.001854 -0.000002 -0.120493
	692.232910 702.822510 -2631.151123 0.178445 -0.000039 -0.682154
	-0.106481 1088.760864 -0.058975 -0.166511 -0.000006 0.298659
	-1078.586182 2185.719971 1123.885498 -0.651633 -0.667234 -0.256815
	0.009617 1088.998291 0.012836 0.185094 0.000001 -0.128399
	-1078.587158 2185.724121 1123.884766 0.557368 -0.707108 0.422266
	-0.055443 1088.999146 0.028397 0.014457 0.000000 0.029849
	-0.000575 -0.000621 -0.000318 -0.016783 -0.365941 0.042629
	-0.003510 2343.000488 -0.003204 0.129818 -0.234887 -0.085166
	0.001652 4028.001221 0.004913 0.188467 0.514552 -0.243417
	0.005127 2434.000488 -0.001671 -0.093151 0.413924 -0.248337
	-0.013428 3784.002197 0.002197 -0.011556 0.320292 -0.028676
	0.009750 2387.000488 -0.025543 0.150284 0.215399 -0.039978
	-0.003357 3391.002686 0.014114 -0.689259 0.057786 -0.058426
}

frame 16 {
	0.375000 -0.570000 1.710000 -0.707107 -0.000000 0.000000
	0.000097 -0.000133 0.000170 -0.989678 0.070074 0.061964
	0.000244 3889.000244 0.002186 0.161282 0.409474 -0.148047
	-0.007378 2490.001221 -0.004089 0.602573 -0.695747 -0.028373
	0.001465 7816.995117 0.008911 -0.232145 -0.143376 -0.261226
	-0.025757 1659.999634 0.022209 -0.007858 0.172135 0.034460
	-1078.586914 2185.722412 1123.885254 -0.865624 0.051920 -0.464169
	692.242981 702.823120 -2631.152588 0.009443 0.046931 0.029872
	20.179962 971.245911 -833.470154 0.318260 0.000013 0.007794
	0.000153 1326.998169 -0.005173 0.972074 -0.002602 0.031584
	-0.000336 364.999756 0.007045 0.319271 0.008199 0.011193
	0.000754 532.998413 -0.028786 0.362666 0.001153 0.009118
	-0.000061 454.999939 0.001040 0.000000 -0.000002 -0.000001
	20.179947 971.245300 -833.472717 0.347157 0.000014 0.008398
	0.001602 1279.997925 -0.070651 -0.000000 0.000004 -0.000003
	692.232788 702.823303 -2631.150391 -0.172800 0.000038 0.712107
	-0.013828 1088.945923 -0.000351 -0.001637 -0.000002 -0.106397
	692.232849 702.822327 -2631.150635 0.178445 -0.000039 -0.682154
	-0.104404 1088.762573 -0.059723 -0.166511 -0.000007 0.298658
	-1078.586426 2185.719482 1123.885742 -0.651633 -0.667234 -0.256815
	0.011047 1088.998169 0.012558 0.167090 0.000001 -0.115910
	-1078.587036 2185.723389 1123.884888 0.557368 -0.707108 0.422266
	-0.055557 1088.999268 0.029472 0.009027 0.000000 0.018637
	-0.000636 -0.000377 -0.000074 -0.032549 -0.364877 0.082678
	-0.003662 2343.001221 -0.002747 0.102352 -0.235982 -0.067148
	0.001495 4028.001221 0.004303 0.192929 0.513260 -0.249180
	0.004311 2434.002197 -0.001492 -0.089204 0.415951 -0.237160
	-0.011902 3784.002930 0.000427 -0.068905 0.317932 -0.054207
	0.009308 2387.001953 -0.021042 -0.012522 0.214513 -0.020084
	-0.003662 3391.002197 0.013626 -0.689259 0.057785 -0.058426
}

frame 17 {
	0.375000 -0.570000 1.710000 -0.707107 -0.000000 0.000000
	0.000036 0.000112 0.000292 -0.989973 0.069966 0.061998
	0.000336 3889.000732 0.001976 0.169544 0.412135 -0.144965
	-0.007408 2490.000977 -0.003937 0.608466 -0.689816 -0.028976
	0.001495 7816.996094 0.008423 -0.223364 -0.137120 -0.269780
	-0.026138 1660.000610 0.022720 -0.006817 0.183789 0.034616
	-1078.586914 2185.722412 1123.885498 -0.867989 0.052364 -0.464044
	692.244202 702.825439 -2631.158936 0.021890 0.068610 0.036695
	20.179949 971.245300 -833.469299 0.318260 0.000013 0.007794
	0.000088 1327.000488 -0.004235 0.972074 -0.002602 0.031584
	-0.000320 365.000824 0.009491 0.319271 0.008199 0.011193
	0.000793 532.997742 -0.028380 0.362666 0.001153 0.009118
	-0.000122 454.999878 0.002346 0.000000 -0.000002 -0.000001
	20.179934 971.246582 -833.471008 0.347157 0.000014 0.008398
	0.001617 1279.997437 -0.070586 0.000000 0.000004 -0.000003
	692.232849 702.822937 -2631.149902 -0.172800 0.000038 0.712107
	-0.015635 1088.953857 0.000217 -0.001414 -0.000002 -0.091898
	692.232910 702.822021 -2631.150635 0.178445 -0.000039 -0.682154
	-0.102066 1088.763672 -0.058029 -0.164491 -0.000006 0.295036
	-1078.586548 2185.718262 1123.886597 -0.651633 -0.667234 -0.256815
	0.010834 1088.998291 0.012661 0.145901 0.000001 -0.101211
	-1078.587158 2185.723389 1123.885498 0.557368 -0.707108 0.422266
	-0.055466 1088.998779 0.029682 0.004513 0.000000 0.009319
	-0.000392 -0.000377 -0.000196 -0.048604 -0.363087 0.123458
	-0.003601 2343.000488 -0.002441 0.072058 -0.236885 -0.047273
	0.001648 4028.001221 0.004883 0.192929 0.513260 -0.249180
	0.004845 2434.000732 -0.001541 -0.082426 0.418215 -0.218847
	-0.012756 3784.002197 0.001465 -0.116962 0.314972 -0.075529
	0.009879 2387.001221 -0.021896 -0.140088 0.209755 -0.004088
	-0.003235 3391.001465 0.014984 -0.689259 0.057785 -0.058426
}

frame 18 {
	0.375000 -0.570000 1.710000 -0.707107 -0.000000 0.000000
	0.000097 0.000112 0.000170 -0.990109 0.069953 0.062479
	0.000248 3889.000244 0.001865 0.175969 0.414750 -0.140628
	-0.007324 2490.000977 -0.003975 0.613452 -0.684081 -0.028732
	0.001465 7816.995605 0.009125 -0.213738 -0.130651 -0.277577
	-0.027023 1660.001343 0.022812 -0.006415 0.193647 0.034938
	-1078.586426 2185.723389 1123.884888 -0.869838 0.052481 -0.464075
	692.243958 702.826660 -2631.165283 0.032905 0.088564 0.040690
	20.179947 971.244385 -833.469971 0.318259 0.000013 0.007794
	0.000652 1327.057617 -0.029813 0.982799 -0.002034 0.031934
	-0.019928 365.354706 0.456730 0.848190 0.004566 0.029719
	0.000931 533.078186 -0.035309 0.290218 0.001186 0.007298
	0.000648 454.932190 -0.026576 0.078513 -0.000003 0.001875
	20.179909 971.245605 -833.471191 0.347157 0.000014 0.008398
	0.001564 1279.998535 -0.072001 0.000000 0.000004 -0.000003
	692.232666 702.823425 -2631.149902 -0.172800 0.000038 0.712107
	-0.015052 1088.961304 -0.000404 -0.001173 -0.000002 -0.076232
	692.232483 702.820557 -2631.150391 0.178445 -0.000039 -0.682154
	-0.099358 1088.768677 -0.055229 -0.160883 -0.000006 0.288564
	-1078.586304 2185.719238 1123.885864 -0.651633 -0.667234 -0.256815
	0.007519 1088.998779 0.011827 0.123054 0.000001 -0.085362
	-1078.586792 2185.723389 1123.884766 0.557368 -0.707108 0.422266
	-0.056870 1088.998779 0.029026 0.000836 0.000000 0.001726
	-0.000636 -0.000133 -0.000196 -0.064427 -0.360616 0.163647
	-0.003174 2343.000732 -0.002319 0.041668 -0.237475 -0.027336
	0.001587 4028.000244 0.004700 0.189806 0.514167 -0.245147
	0.004967 2434.001953 -0.001907 -0.073502 0.421064 -0.195633
	-0.012482 3784.002441 0.001953 -0.151244 0.312305 -0.090699
	0.009544 2387.002197 -0.022537 -0.214805 0.205191 0.005076
	-0.003296 3391.001953 0.014221 -0.689259 0.057785 -0.058426
}

frame 19 {
	0.375000 -0.570000 1.710000 -0.707107 -0.000000 0.000000
	0.000036 0.000112 0.000170 -0.990088 0.069962 0.062490
	0.000229 3889.000244 0.002129 0.179347 0.417123 -0.134832
	-0.007454 2490.001221 -0.003967 0.617544 -0.678940 -0.027734
	0.000977 7816.996094 0.009583 -0.203834 -0.124127 -0.284890
	-0.026688 1660.000000 0.022339 -0.005285 0.202094 0.034606
	-1078.586792 2185.721191 1123.885986 -0.871088 0.052537 -0.464452
	692.242310 702.826904 -2631.168701 0.041162 0.106171 0.042127
	20.179855 971.247498 -833.470642 0.318260 0.000013 0.007794
	0.001192 1327.114746 -0.057552 0.990890 -0.001461 0.032198
	-0.039352 365.707153 0.901493 -0.990808 0.001146 -0.034709
	-0.001663 533.399475 0.062648 -0.044523 0.001244 -0.001115
	-0.001387 455.048828 0.059014 -0.078999 -0.000000 -0.001889
	20.179821 971.247803 -833.472107 0.347157 0.000014 0.008398
	0.001547 1279.999634 -0.071962 0.000000 0.000004 -0.000003
	692.232544 702.824402 -2631.150391 -0.172800 0.000038 0.712107
	-0.015874 1088.969482 -0.000651 -0.000923 -0.000002 -0.059974
	692.232544 702.821533 -2631.150879 0.178445 -0.000039 -0.682154
	-0.094498 1088.773926 -0.051933 -0.155673 -0.000006 0.279219
	-1078.586670 2185.717285 1123.886475 -0.651633 -0.667234 -0.256815
	0.011951 1088.998169 0.012429 0.099171 0.000001 -0.068794
	-1078.587158 2185.723389 1123.885498 0.557368 -0.707108 0.422266
	-0.058426 1088.999146 0.028004 -0.001839 0.000000 -0.003797
	-0.000514 -0.000377 0.000048 -0.079509 -0.357593 0.201957
	-0.003235 2343.000488 -0.002502 0.011704 -0.237747 -0.007678
	0.001465 4027.999756 0.004776 0.183658 0.515907 -0.237206
	0.003075 2433.999756 -0.001816 -0.062284 0.423416 -0.168300
	-0.013397 3784.001709 0.001770 -0.177073 0.309984 -0.102105
	0.009403 2387.000732 -0.023254 -0.251461 0.202420 0.009432
	-0.003967 3391.001953 0.013382 -0.689259 0.057785 -0.058426
}

frame 20 {
	0.375000 -0.570000 1.710000 -0.707107 -0.000000 0.000000
	0.000097 0.000112 0.000292 -0.989766 0.070037 0.061919
	0.000103 3889.001221 0.002106 0.178568 0.419479 -0.128543
	-0.007217 2490.001465 -0.003265 0.620152 -0.675211 -0.026052
	0.001312 7816.995605 0.009506 -0.192789 -0.117866 -0.292903
	-0.025513 1659.998169 0.022964 -0.004978 0.208435 0.033738
	-1078.586670 2185.721924 1123.884399 -0.872268 0.052870 -0.463958
	692.239380 702.827087 -2631.171875 0.045472 0.120892 0.040248
	20.179916 971.245300 -833.470032 0.318260 0.000013 0.007794
	0.001225 1327.113770 -0.057601 0.990890 -0.001461 0.032198
	-0.039459 365.708374 0.901953 -0.990808 0.001146 -0.034709
	0.001139 533.157410 -0.042840 0.216061 0.001211 0.005434
	0.001350 454.864410 -0.055291 0.156539 -0.000005 0.003740
	20.179890 971.245728 -833.472473 0.347157 0.000014 0.008398
	0.001617 1279.998901 -0.071932 -0.000000 0.000004 -0.000003
	692.232666 702.823303 -2631.150146 -0.172800 0.000038 0.712107
	-0.013854 1088.977661 -0.000297 -0.000672 -0.000002 -0.043699
	692.232544 702.821350 -2631.150391 0.178445 -0.000039 -0.682154
	-0.087677 1088.782715 -0.048733 -0.148844 -0.000006 0.266970
	-1078.586426 2185.718018 1123.885620 -0.651633 -0.667234 -0.256815
	0.010580 1088.998657 0.013165 0.075517 0.000001 -0.052385
	-1078.586914 2185.723145 1123.885010 0.557368 -0.707108 0.422266
	-0.058563 1088.999512 0.028553 -0.002675 0.000000 -0.005522
	-0.000575 -0.000133 -0.000318 -0.093364 -0.354228 0.237150
	-0.003723 2343.000488 -0.003189 -0.016031 -0.237726 0.010517
	0.001709 4028.000732 0.004547 0.174115 0.518483 -0.224881
	0.003952 2434.000732 -0.001411 -0.050044 0.426316 -0.137938
	-0.012268 3784.003174 0.001526 -0.197631 0.307943 -0.111170
	0.009125 2387.001709 -0.022156 -0.266607 0.201015 0.010652
	-0.003677 3391.002686 0.013550 -0.689259 0.057785 -0.058426
}

frame 21 {
	0.375000 -0.570000 1.710000 -0.707107 -0.000000 0.000000
	0.000097 0.000112 0.000292 -0.989271 0.070405 0.061995
	0.000317 3889.000488 0.002144 0.175193 0.422178 -0.120067
	-0.007769 2490.001221 -0.003698 0.621299 -0.671694 -0.023110
	0.000824 7816.997070 0.008873 -0.180966 -0.112743 -0.300075
	-0.026939 1659.998535 0.022659 -0.003343 0.212403 0.032781
	-1078.586670 2185.722656 1123.885254 -0.872799 0.052624 -0.464113
	692.232666 702.828796 -2631.168213 0.039245 0.134114 0.033387
	20.179930 971.246033 -833.469238 0.318260 0.000013 0.007794
	0.001305 1327.113403 -0.058907 0.990890 -0.001461 0.032198
	-0.039383 365.706726 0.901403 -0.990808 0.001146 -0.034709
	-0.001591 533.401550 0.064568 -0.044527 0.001244 -0.001115
	-0.001434 455.049316 0.058854 -0.079002 -0.000000 -0.001889
	20.179892 971.245361 -833.471313 0.347157 0.000014 0.008398
	0.001587 1279.996338 -0.073267 0.000000 0.000004 -0.000003
	692.232788 702.823364 -2631.150635 -0.172800 0.000038 0.712107
	-0.016218 1088.985229 -0.001165 -0.000421 -0.000002 -0.027413
	692.232666 702.822388 -2631.150879 0.178445 -0.000039 -0.682154
	-0.080292 1088.793213 -0.044846 -0.140999 -0.000006 0.252900
	-1078.586426 2185.718750 1123.886108 -0.651633 -0.667234 -0.256815
	0.007237 1088.999268 0.012222 0.053215 0.000001 -0.036914
	-1078.587036 2185.723633 1123.885376 0.557368 -0.707108 0.422266
	-0.056458 1088.999146 0.028587 -0.001755 0.000000 -0.003624
	-0.000697 0.000112 -0.000196 -0.105465 -0.350816 0.267886
	-0.003540 2343.000488 -0.002331 -0.040385 -0.237492 0.026494
	0.001465 4028.000977 0.004150 0.161245 0.521721 -0.208259
	0.004440 2434.000488 -0.001556 -0.036658 0.428094 -0.104985
	-0.013428 3784.002686 0.002258 -0.212982 0.306304 -0.117930
	0.009613 2387.002441 -0.023483 -0.265324 0.201121 0.010485
	-0.004017 3391.002441 0.012421 -0.689259 0.057785 -0.058426
}

frame 22 {
	0.375000 -0.570000 1.710000 -0.707107 -0.000000 0.000000
	0.000036 0.000112 0.000170 -0.988636 0.071113 0.061423
	0.000156 3889.000732 0.002140 0.171371 0.424966 -0.112252
	-0.007201 2490.000977 -0.003393 0.620276 -0.668295 -0.022029
	0.001500 7816.995117 0.010050 -0.167797 -0.107245 -0.307139
	-0.026653 1659.998901 0.022449 -0.000963 0.213987 0.030788
	-1078.586548 2185.722168 1123.885620 -0.873191 0.051843 -0.464289
	692.222534 702.826965 -2631.158936 0.023197 0.148288 0.023073
	20.179901 971.247131 -833.469849 0.318260 0.000013 0.007794
	0.001244 1327.112793 -0.057540 0.990890 -0.001461 0.032198
	-0.039337 365.707428 0.901886 -0.990808 0.001146 -0.034709
	-0.000710 533.319092 0.029219 0.043332 0.001243 0.001093
	-0.000458 454.986542 0.018805 -0.000001 -0.000002 -0.000001
	20.179855 971.247314 -833.471802 0.347157 0.000014 0.008398
	0.001480 1279.998291 -0.070935 -0.000000 0.000004 -0.000003
	692.232544 702.823303 -2631.150146 -0.172800 0.000038 0.712107
	-0.016121 1088.993286 -0.000103 -0.000177 -0.000001 -0.011503
	692.232544 702.822327 -2631.150879 0.178445 -0.000039 -0.682154
	-0.072613 1088.805786 -0.040051 -0.131677 -0.000005 0.236180
	-1078.586670 2185.719238 1123.886475 -0.651633 -0.667234 -0.256815
	0.007673 1088.999268 0.012501 0.033391 0.000001 -0.023162
	-1078.587524 2185.723389 1123.885498 0.557368 -0.707108 0.422266
	-0.056381 1088.999634 0.027504 0.001839 0.000000 0.003797
	-0.000453 -0.000133 -0.000196 -0.115310 -0.347704 0.292894
	-0.003418 2343.000732 -0.002899 -0.060549 -0.237146 0.039723
	0.001587 4028.001221 0.004761 0.145791 0.525258 -0.188298
	0.004189 2434.001709 -0.001465 -0.022659 0.429088 -0.070471
	-0.013184 3784.003418 0.002075 -0.223860 0.305084 -0.122716
	0.009460 2387.002930 -0.024048 -0.258167 0.201702 0.009554
	-0.003357 3391.003906 0.014191 -0.689259 0.057785 -0.058426
}

frame 23 {
	0.375000 -0.570000 1.710000 -0.707107 -0.000000 0.000000
	0.000036 0.000356 0.000170 -0.988013 0.071239 0.060786
	0.000198 3889.000488 0.002129 0.168381 0.428580 -0.105225
	-0.007121 2490.000977 -0.003666 0.618337 -0.664515 -0.021509
	0.001259 7816.995605 0.009476 -0.154104 -0.102329 -0.313765
	-0.027079 1659.999634 0.021942 0.001906 0.214173 0.027757
	-1078.587280 2185.720459 1123.885010 -0.873424 0.051374 -0.464393
	692.210144 702.822510 -2631.146240 0.001788 0.162627 0.009899
	20.179939 971.245056 -833.469666 0.318260 0.000013 0.007794
	0.001266 1327.114014 -0.057394 0.990890 -0.001461 0.032198
	-0.039314 365.709167 0.901615 -0.990808 0.001146 -0.034709
	0.000256 533.237549 -0.007021 0.130856 0.001231 0.003293
	0.000343 454.927368 -0.017152 0.078999 -0.000003 0.001887
	20.179874 971.246155 -833.472107 0.347157 0.000014 0.008398
	0.001534 1279.999512 -0.071564 0.000000 0.000004 -0.000003
	692.232605 702.822754 -2631.149658 -0.172800 0.000038 0.712107
	-0.011932 1089.001099 -0.000233 0.000059 -0.000001 0.003835
	692.232605 702.821777 -2631.150391 0.178445 -0.000039 -0.682154
	-0.062548 1088.819702 -0.034828 -0.121489 -0.000005 0.217906
	-1078.587158 2185.717529 1123.886108 -0.651633 -0.667234 -0.256815
	0.010605 1088.998901 0.011936 0.016856 0.000001 -0.011692
	-1078.587769 2185.721680 1123.885254 0.557368 -0.707108 0.422266
	-0.056389 1088.999023 0.029007 0.007439 0.000000 0.015358
	-0.000575 -0.000133 -0.000196 -0.122684 -0.345171 0.311624
	-0.003784 2343.000488 -0.002457 -0.074931 -0.236813 0.049158
	0.001587 4028.000244 0.004486 0.127483 0.528961 -0.164653
	0.004227 2434.000244 -0.001282 -0.008132 0.429524 -0.036043
	-0.014587 3784.003662 0.002258 -0.230641 0.304298 -0.125698
	0.009338 2387.001221 -0.023849 -0.250996 0.202272 0.008623
	-0.003723 3391.002441 0.013977 -0.689259 0.057785 -0.058426
}

frame 24 {
	0.375000 -0.570000 1.710000 -0.707107 -0.000000 0.000000
	-0.000025 -0.000133 0.000292 -0.987469 0.071402 0.060840
	0.000225 3889.000000 0.001968 0.166213 0.432206 -0.099699
	-0.008015 2490.001221 -0.003710 0.614868 -0.660676 -0.021741
	0.001266 7816.995605 0.009003 -0.139953 -0.098025 -0.319274
	-0.027145 1659.996826 0.021927 0.005758 0.213334 0.024077
	-1078.586548 2185.721191 1123.885010 -0.873193 0.051191 -0.465123
	692.196899 702.821777 -2631.134033 -0.020706 0.177166 -0.003560
	20.179863 971.245728 -833.470825 0.318260 0.000013 0.007794
	0.001183 1327.115845 -0.057855 0.990890 -0.001461 0.032198
	-0.039387 365.705536 0.901726 -0.990808 0.001146 -0.034709
	-0.002602 533.480042 0.101291 -0.130712 0.001236 -0.003281
	-0.002308 455.107971 0.099187 -0.156541 0.000001 -0.003743
	20.179817 971.245728 -833.472290 0.347157 0.000014 0.008398
	0.001513 1279.999146 -0.071206 0.000000 0.000004 -0.000003
	692.232788 702.825195 -2631.150146 -0.172800 0.000038 0.712107
	-0.010468 1089.008789 0.000687 0.000296 -0.000001 0.019172
	692.232788 702.824219 -2631.150146 0.178445 -0.000039 -0.682154
	-0.052601 1088.833618 -0.030807 -0.110334 -0.000005 0.197898
	-1078.586548 2185.718262 1123.885986 -0.651633 -0.667234 -0.256815
	0.008728 1088.999023 0.012894 0.005041 0.000001 -0.003496
	-1078.587280 2185.723633 1123.885132 0.557368 -0.707108 0.422266
	-0.055555 1088.999512 0.029861 0.015376 0.000000 0.031746
	-0.000575 -0.000133 -0.000318 -0.127372 -0.343469 0.323531
	-0.003357 2343.000977 -0.002747 -0.082592 -0.236607 0.054184
	0.001709 4028.000977 0.004913 0.106976 0.532496 -0.138166
	0.004562 2434.000000 -0.001587 0.006468 0.429792 -0.002409
	-0.012573 3784.003662 0.001343 -0.234365 0.303858 -0.127335
	0.009399 2387.003174 -0.024078 -0.250270 0.202697 0.010026
	-0.003357 3391.000732 0.013840 -0.689259 0.057785 -0.058426
}

frame 25 {
	0.375000 -0.570000 1.710000 -0.707107 -0.000000 0.000000
	0.000097 0.000112 0.000292 -0.987180 0.071411 0.060226
	0.000137 3889.000732 0.001732 0.167868 0.435398 -0.096949
	-0.007736 2490.001709 -0.004086 0.610183 -0.656868 -0.022594
	0.001099 7816.994141 0.009949 -0.125630 -0.094832 -0.324481
	-0.026443 1659.998535 0.022842 0.010073 0.210732 0.021008
	-1078.586914 2185.720703 1123.885132 -0.873095 0.050232 -0.465402
	692.183838 702.815674 -2631.127441 -0.036672 0.190856 -0.017523
	20.179924 971.246094 -833.470215 0.318260 0.000013 0.007794
	0.001049 1327.085571 -0.045097 0.987177 -0.001748 0.032077
	-0.029709 365.529938 0.679937 0.985464 0.001426 0.034525
	0.000999 533.118713 -0.038853 0.253281 0.001199 0.006369
	0.001030 454.899811 -0.042397 0.117671 -0.000004 0.002811
	20.179924 971.247009 -833.472168 0.347157 0.000014 0.008398
	0.001595 1279.998413 -0.071762 0.000000 0.000004 -0.000003
	692.232910 702.822876 -2631.150635 -0.172800 0.000038 0.712107
	-0.011307 1089.015869 0.000290 0.000514 -0.000001 0.033355
	692.232544 702.821899 -2631.150391 0.178445 -0.000039 -0.682154
	-0.043255 1088.850830 -0.024780 -0.098387 -0.000004 0.176469
	-1078.587402 2185.716797 1123.886353 -0.651633 -0.667234 -0.256815
	0.009369 1088.999268 0.012482 -0.000473 0.000001 0.000329
	-1078.587646 2185.721924 1123.885376 0.557368 -0.707108 0.422266
	-0.055482 1088.998779 0.029160 0.025563 0.000000 0.052777
	-0.000453 -0.000377 -0.000196 -0.128688 -0.342978 0.326874
	-0.003906 2343.000244 -0.002960 -0.082432 -0.236612 0.054079
	0.001587 4028.000977 0.005554 0.079481 0.536239 -0.102655
	0.005287 2434.000244 -0.001526 0.022223 0.428053 0.034085
	-0.013756 3784.001465 0.002991 -0.236226 0.303636 -0.128152
	0.009872 2387.003662 -0.022705 -0.258599 0.202334 0.012225
	-0.003418 3391.002930 0.012222 -0.689259 0.057785 -0.058426
}

frame 26 {
	0.375000 -0.570000 1.710000 -0.707107 -0.000000 0.000000
	0.000097 0.000356 0.000170 -0.987206 0.071403 0.060215
	0.000202 3889.000488 0.001873 0.173359 0.438157 -0.097280
	-0.007908 2490.001465 -0.003902 0.604883 -0.653078 -0.023485
	0.001892 7816.995605 0.009369 -0.112486 -0.092226 -0.328861
	-0.026184 1660.000610 0.022848 0.014623 0.206366 0.016872
	-1078.586426 2185.722900 1123.885254 -0.872803 0.048942 -0.466056
	692.172241 702.814209 -2631.125000 -0.043906 0.204137 -0.030946
	20.179962 971.245972 -833.470032 0.318260 0.000013 0.007794
	0.000061 1327.001221 -0.004781 0.972074 -0.002602 0.031584
	-0.000305 365.000916 0.008215 0.319271 0.008199 0.011193
	0.000626 532.998047 -0.029798 0.362666 0.001153 0.009118
	0.000046 455.000305 0.002839 0.000000 -0.000002 -0.000001
	20.179893 971.246887 -833.472046 0.347157 0.000014 0.008398
	0.001480 1280.000244 -0.072798 0.000000 0.000004 -0.000003
	692.232788 702.822876 -2631.149902 -0.172800 0.000038 0.712107
	-0.009506 1089.022217 -0.000168 0.000708 -0.000001 0.045998
	692.232666 702.821899 -2631.149902 0.178445 -0.000039 -0.682154
	-0.037834 1088.868652 -0.019638 -0.086010 -0.000004 0.154271
	-1078.586426 2185.717529 1123.886230 -0.651633 -0.667234 -0.256815
	0.009232 1088.999268 0.012428 -0.001576 0.000001 0.001094
	-1078.587036 2185.722900 1123.885620 0.557368 -0.707108 0.422266
	-0.054592 1088.999146 0.029327 0.036900 0.000000 0.076184
	-0.000514 -0.000133 -0.000074 -0.127899 -0.343273 0.324869
	-0.003296 2343.000488 -0.002716 -0.076847 -0.236764 0.050415
	0.001587 4028.000488 0.005249 0.044101 0.539412 -0.056960
	0.004005 2434.001465 -0.001678 0.041020 0.425659 0.077131
	-0.012817 3784.001953 0.001587 -0.239099 0.303290 -0.129415
	0.009933 2387.002930 -0.023941 -0.268652 0.202033 0.015387
	-0.003517 3391.002197 0.011856 -0.689259 0.057785 -0.058426
}

frame 27 {
	0.375000 -0.570000 1.710000 -0.707107 -0.000000 0.000000
	0.000097 0.000356 0.000170 -0.987507 0.071369 0.060640
	0.000256 3889.001221 0.002071 0.182844 0.440289 -0.101772
	-0.008347 2490.001709 -0.004089 0.599123 -0.649367 -0.024166
	0.001373 7816.994629 0.009155 -0.100393 -0.090345 -0.331900
	-0.026337 1659.998291 0.023109 0.019329 0.200749 0.012642
	-1078.586914 2185.723145 1123.885254 -0.872432 0.047807 -0.466674
	692.162048 702.811707 -2631.125732 -0.048002 0.215337 -0.043902
	20.179869 971.245789 -833.470093 0.318260 0.000013 0.007794
	-0.000061 1327.000610 -0.005141 0.972074 -0.002602 0.031584
	-0.000275 365.000275 0.008762 0.319271 0.008199 0.011193
	0.000732 532.997620 -0.029194 0.362666 0.001153 0.009118
	0.000000 455.000275 0.000773 0.000000 -0.000002 -0.000001
	20.179853 971.246704 -833.471130 0.347157 0.000014 0.008398
	0.001465 1279.998169 -0.071451 0.000000 0.000004 -0.000003
	692.232910 702.821594 -2631.150146 -0.172800 0.000038 0.712107
	-0.009628 1089.027588 0.000404 0.000885 -0.000001 0.057487
	692.232788 702.821533 -2631.150879 0.178445 -0.000039 -0.682154
	-0.029045 1088.886841 -0.014679 -0.073298 -0.000004 0.131468
	-1078.587036 2185.718018 1123.886475 -0.651633 -0.667234 -0.256815
	0.008713 1088.998657 0.011002 0.001103 0.000001 -0.000764
	-1078.587280 2185.723389 1123.885376 0.557368 -0.707108 0.422266
	-0.057156 1088.998779 0.029053 0.049211 0.000000 0.101601
	-0.000514 -0.000133 -0.000074 -0.125130 -0.344292 0.317836
	-0.003479 2343.000488 -0.002716 -0.066463 -0.237018 0.043602
	0.001465 4028.001465 0.004730 0.002578 0.540812 -0.003330
	0.005157 2434.000488 -0.001343 0.061304 0.422338 0.124908
	-0.013977 3784.002441 0.002380 -0.242476 0.302879 -0.130898
	0.009766 2387.002930 -0.024185 -0.279773 0.201657 0.018679
	-0.003296 3391.001953 0.013779 -0.689259 0.057785 -0.058426
}

frame 28 {
	0.375000 -0.570000 1.710000 -0.707107 -0.000000 0.000000
	0.000097 0.000112 0.000170 -0.988173 0.071165 0.060530
	0.000179 3889.000244 0.002033 0.195639 0.441775 -0.110009
	-0.007908 2490.001221 -0.003517 0.593031 -0.646096 -0.025023
	0.001068 7816.996094 0.008728 -0.090397 -0.090104 -0.334000
	-0.026703 1659.998047 0.022774 0.023689 0.194397 0.008632
	-1078.586426 2185.722412 1123.885742 -0.871815 0.046444 -0.467639
	692.152100 702.813354 -2631.125977 -0.051190 0.225421 -0.056318
	20.179855 971.246155 -833.470337 0.318260 0.000013 0.007794
	0.000015 1327.000000 -0.004329 0.972074 -0.002602 0.031584
	-0.000259 365.000275 0.008579 0.319271 0.008199 0.011193
	0.000824 532.999207 -0.029741 0.362666 0.001153 0.009118
	-0.000015 454.999664 0.001796 0.000000 -0.000002 -0.000001
	20.179802 971.246094 -833.472778 0.347157 0.000014 0.008398
	0.001511 1279.999146 -0.071384 -0.000000 0.000004 -0.000003
	692.232849 702.825195 -2631.149902 -0.172800 0.000038 0.712107
	-0.007584 1089.032104 0.000397 0.001038 -0.000001 0.067435
	692.232727 702.824158 -2631.150146 0.178445 -0.000039 -0.682154
	-0.021355 1088.906738 -0.011322 -0.060351 -0.000003 0.108247
	-1078.586670 2185.718262 1123.886597 -0.651633 -0.667234 -0.256815
	0.008041 1088.999146 0.011520 0.006931 0.000001 -0.004807
	-1078.586914 2185.723633 1123.885620 0.557368 -0.707108 0.422266
	-0.057056 1088.997803 0.028503 0.061976 0.000000 0.127955
	-0.000453 -0.000377 -0.000196 -0.120498 -0.345941 0.306071
	-0.003174 2343.000000 -0.002121 -0.051912 -0.237311 0.034057
	0.001709 4027.999756 0.004608 -0.043628 0.539442 0.056348
	0.005989 2434.000977 -0.001068 0.083050 0.417343 0.175758
	-0.014160 3784.000732 0.003113 -0.245175 0.302547 -0.132084
	0.009399 2387.001953 -0.021774 -0.291130 0.201485 0.022730
	-0.003601 3391.001221 0.013962 -0.689259 0.057785 -0.058426
}

frame 29 {
	0.375000 -0.570000 1.710000 -0.707107 -0.000000 0.000000
	0.000097 0.000112 0.000170 -0.988851 0.070831 0.061122
	0.000156 3889.000244 0.002220 0.209824 0.442730 -0.119750
	-0.007576 2490.001221 -0.003677 0.586959 -0.643322 -0.025314
	0.000977 7816.995605 0.009155 -0.082778 -0.090506 -0.334136
	-0.026855 1659.996704 0.023300 0.028172 0.186452 0.005402
	-1078.586426 2185.720459 1123.885498 -0.871623 0.044662 -0.467986
	692.143616 702.810608 -2631.125244 -0.054565 0.232300 -0.067096
	20.179893 971.246704 -833.470520 0.318260 0.000013 0.007794
	0.000031 1326.999146 -0.004287 0.972074 -0.002602 0.031584
	-0.000153 365.001556 0.008928 0.319271 0.008199 0.011193
	0.000702 532.998413 -0.029548 0.362666 0.001153 0.009118
	-0.000015 454.999542 0.001164 0.000000 -0.000002 -0.000001
	20.179848 971.246643 -833.472473 0.347157 0.000014 0.008398
	0.001602 1280.000366 -0.072882 0.000000 0.000004 -0.000003
	692.233032 702.822571 -2631.150391 -0.172800 0.000038 0.712107
	-0.010117 1089.036133 0.000061 0.001165 -0.000001 0.075659
	692.233154 702.821594 -2631.151123 0.178445 -0.000039 -0.682154
	-0.017288 1088.925903 -0.009705 -0.047730 -0.000003 0.085610
	-1078.586060 2185.718262 1123.886353 -0.651633 -0.667234 -0.256815
	0.008362 1088.999023 0.013153 0.015911 0.000001 -0.011037
	-1078.586792 2185.722656 1123.885376 0.557368 -0.707108 0.422266
	-0.057343 1088.997925 0.028488 0.074772 0.000000 0.154374
	-0.000331 -0.000133 -0.000074 -0.114243 -0.348056 0.290182
	-0.002869 2342.999756 -0.002167 -0.033177 -0.237583 0.021765
	0.001221 4028.000244 0.004303 -0.093425 0.534482 0.120664
	0.004341 2434.000732 -0.001343 0.105149 0.411144 0.228624
	-0.011963 3784.003906 0.002251 -0.247198 0.302297 -0.132972
	0.009888 2386.998291 -0.023605 -0.301243 0.201278 0.026052
	-0.003662 3391.003906 0.014038 -0.689259 0.057785 -0.058426
}

frame 30 {
	0.375000 -0.570000 1.710000 -0.707107 -0.000000 0.000000
	0.000036 0.000112 0.000170 -0.989523 0.070104 0.061673
	0.000160 3889.000488 0.002148 0.224362 0.442392 -0.131432
	-0.007484 2490.001221 -0.003754 0.580853 -0.641579 -0.025491
	0.002502 7816.995605 0.009827 -0.078254 -0.092351 -0.333303
	-0.026093 1659.998169 0.022369 0.032364 0.177979 0.001872
	-1078.586670 2185.721924 1123.885254 -0.871016 0.043061 -0.468975
	692.137695 702.808472 -2631.125732 -0.057207 0.236979 -0.075698
	20.179825 971.246704 -833.470581 0.318260 0.000013 0.007794
	0.000072 1326.999878 -0.004954 0.972074 -0.002602 0.031584
	-0.000305 365.000397 0.008325 0.319271 0.008199 0.011193
	0.000748 532.998352 -0.028273 0.362666 0.001153 0.009118
	0.000038 454.999878 0.002642 0.000000 -0.000002 -0.000001
	20.179779 971.247681 -833.472046 0.347157 0.000014 0.008398
	0.001495 1279.997192 -0.069794 0.000000 0.000004 -0.000003
	692.232666 702.824219 -2631.150391 -0.172800 0.000038 0.712107
	-0.008148 1089.039185 -0.000473 0.001256 -0.000001 0.081584
	692.232849 702.822205 -2631.150635 0.178445 -0.000039 -0.682154
	-0.011642 1088.945801 -0.006256 -0.034892 -0.000002 0.062582
	-1078.586670 2185.718750 1123.886230 -0.651633 -0.667234 -0.256815
	0.006363 1088.999512 0.011581 0.026778 0.000001 -0.018575
	-1078.586792 2185.724121 1123.885376 0.557368 -0.707108 0.422266
	-0.057899 1088.998901 0.028259 0.087337 0.000000 0.180316
	-0.000575 -0.000133 -0.000074 -0.106608 -0.350470 0.270790
	-0.003418 2343.000977 -0.002827 -0.012824 -0.237742 0.008413
	0.001099 4028.000732 0.003387 -0.143510 0.525748 0.185351
	0.005974 2434.000977 -0.001648 0.126728 0.403899 0.281535
	-0.012634 3784.002441 0.001526 -0.246524 0.302380 -0.132676
	0.009583 2387.002930 -0.022675 -0.308383 0.201435 0.029353
	-0.003357 3391.002441 0.014343 -0.689259 0.057785 -0.058426
}

frame 31 {
	0.375000 -0.570000 1.710000 -0.707107 -0.000000 0.000000
	0.000036 0.000112 0.000292 -0.990092 0.069900 0.061753
	0.000141 3889.000244 0.002064 0.237334 0.441216 -0.143251
	-0.007687 2490.001709 -0.003380 0.575174 -0.640738 -0.025554
	0.001404 7816.995605 0.010620 -0.077536 -0.094936 -0.331036
	-0.025330 1659.999512 0.023071 0.035302 0.168547 -0.000999
	-1078.587158 2185.722900 1123.885498 -0.870752 0.041247 -0.469497
	692.133179 702.805481 -2631.124756 -0.059772 0.238526 -0.081925
	20.179981 971.245178 -833.470337 0.318260 0.000013 0.007794
	0.000088 1326.999023 -0.004144 0.972074 -0.002602 0.031584
	-0.000391 365.001038 0.008804 0.319271 0.008199 0.011193
	0.000795 532.998352 -0.028795 0.362666 0.001153 0.009118
	-0.000031 454.999664 0.002153 0.000000 -0.000002 -0.000001
	20.179935 971.245178 -833.472290 0.347157 0.000014 0.008398
	0.001528 1279.999268 -0.071322 0.000000 0.000004 -0.000003
	692.232910 702.822571 -2631.150391 -0.172800 0.000038 0.712107
	-0.007004 1089.041016 -0.000839 0.001312 -0.000001 0.085214
	692.232727 702.821533 -2631.150635 0.178445 -0.000039 -0.682154
	-0.006119 1088.964355 -0.003387 -0.022588 -0.000002 0.040514
	-1078.587036 2185.718750 1123.886597 -0.651633 -0.667234 -0.256815
	0.008072 1088.999146 0.011642 0.039057 0.000001 -0.027093
	-1078.587280 2185.724121 1123.885376 0.557368 -0.707108 0.422266
	-0.056274 1088.997559 0.029404 0.099094 0.000000 0.204590
	-0.000636 -0.000133 -0.000074 -0.097907 -0.353000 0.248690
	-0.003296 2343.000732 -0.002136 0.008979 -0.237756 -0.005891
	0.001465 4028.000488 0.004486 -0.192262 0.513455 0.248318
	0.003586 2434.000488 -0.001465 0.147265 0.395768 0.333095
	-0.013794 3784.000977 0.001526 -0.243826 0.302714 -0.131491
	0.009766 2387.002197 -0.024345 -0.312256 0.201869 0.032230
	-0.003540 3391.003174 0.014618 -0.689259 0.057785 -0.058426
}

frame 32 {
	0.375000 -0.570000 1.710000 -0.707107 -0.000000 0.000000
	0.000097 0.000112 0.000170 -0.990488 0.069785 0.062279
	0.000195 3889.000488 0.002174 0.247636 0.439385 -0.154889
	-0.007931 2490.000977 -0.003891 0.571032 -0.640698 -0.025176
	0.000488 7816.996094 0.008850 -0.080188 -0.098740 -0.327326
	-0.025879 1659.997559 0.022980 0.038025 0.158351 -0.003401
	-1078.587402 2185.722168 1123.885620 -0.870436 0.040011 -0.470332
	692.130371 702.809448 -2631.124023 -0.062837 0.236612 -0.086014
	20.179867 971.246643 -833.469971 0.318260 0.000013 0.007794
	-0.000053 1327.000977 -0.001704 0.972074 -0.002602 0.031584
	-0.000313 365.000916 0.008810 0.319271 0.008199 0.011193
	0.000687 532.997803 -0.028773 0.362666 0.001153 0.009118
	-0.000042 454.999451 0.002409 0.000000 -0.000002 -0.000001
	20.179832 971.247620 -833.470947 0.347157 0.000014 0.008398
	0.001472 1279.996338 -0.073002 0.000000 0.000004 -0.000003
	692.232178 702.826416 -2631.149902 -0.172800 0.000038 0.712107
	-0.007675 1089.041504 -0.000626 0.001333 -0.000001 0.086551
	692.231995 702.825378 -2631.149902 0.178445 -0.000039 -0.682154
	-0.002747 1088.983398 -0.001770 -0.010829 -0.000001 0.019423
	-1078.587402 2185.716797 1123.886597 -0.651633 -0.667234 -0.256815
	0.008446 1088.999146 0.012222 0.051643 0.000001 -0.035824
	-1078.587524 2185.723145 1123.885742 0.557368 -0.707108 0.422266
	-0.056438 1088.996826 0.028152 0.109483 0.000000 0.226038
	-0.000514 -0.000377 -0.000440 -0.088191 -0.355552 0.224011
	-0.003479 2343.000244 -0.002731 0.031419 -0.237602 -0.020613
	0.001465 4027.999023 0.004890 -0.238183 0.498208 0.307627
	0.002846 2434.000977 -0.000748 0.166088 0.387126 0.381339
	-0.012024 3784.002197 0.002625 -0.238422 0.303372 -0.129118
	0.009766 2387.001221 -0.022408 -0.311021 0.202821 0.034828
	-0.003418 3391.001465 0.014847 -0.689259 0.057785 -0.058426
}

frame 33 {
	0.375000 -0.570000 1.710000 -0.707107 -0.000000 0.000000
	0.000036 0.000112 0.000170 -0.990653 0.069710 0.062190
	0.000149 3889.000732 0.002205 0.252815 0.437127 -0.165751
	-0.007607 2490.000977 -0.003723 0.566281 -0.641882 -0.026188
	0.000793 7816.995117 0.009216 -0.088398 -0.104470 -0.320781
	-0.025452 1660.000000 0.023895 0.039953 0.147505 -0.005268
	-1078.586548 2185.721924 1123.885498 -0.870354 0.037976 -0.470739
	692.131958 702.805847 -2631.122559 -0.064555 0.231950 -0.086040
	20.179893 971.245056 -833.470398 0.318260 0.000013 0.007794
	0.000076 1326.998901 -0.005040 0.972074 -0.002602 0.031584
	-0.000366 365.001801 0.008631 0.319271 0.008199 0.011193
	0.000816 532.999451 -0.027341 0.362666 0.001153 0.009118
	-0.000053 455.000000 0.000886 0.000000 -0.000002 -0.000001
	20.179863 971.246094 -833.471375 0.347157 0.000014 0.008398
	0.001617 1279.997314 -0.072443 0.000000 0.000004 -0.000003
	692.232605 702.825378 -2631.149902 -0.172800 0.000038 0.712107
	-0.008377 1089.041138 -0.000961 0.001330 -0.000001 0.086360
	692.232910 702.823364 -2631.150391 0.178445 -0.000039 -0.682154
	-0.001602 1089.000732 -0.000458 0.000186 -0.000001 -0.000334
	-1078.586548 2185.717529 1123.886597 -0.651633 -0.667234 -0.256815
	0.007797 1088.998535 0.011810 0.064214 0.000001 -0.044544
	-1078.587036 2185.722900 1123.885498 0.557368 -0.707108 0.422266
	-0.055851 1088.997437 0.028091 0.118115 0.000000 0.243860
	-0.000453 -0.000377 -0.000318 -0.077932 -0.357940 0.197950
	-0.003357 2343.000000 -0.002686 0.053672 -0.237280 -0.035211
	0.001465 4028.001465 0.004517 -0.278914 0.481430 0.360234
	0.004288 2434.000488 -0.001617 0.182230 0.378105 0.425887
	-0.013794 3784.002197 0.001282 -0.228270 0.304575 -0.124656
	0.009659 2387.001953 -0.022446 -0.303178 0.204010 0.035873
	-0.003601 3391.001953 0.013412 -0.689259 0.057785 -0.058426
}

frame 34 {
	0.375000 -0.570000 1.710000 -0.707107 -0.000000 0.000000
	0.000036 0.000112 0.000170 -0.990653 0.069710 0.062190
	0.000107 3889.000732 0.002094 0.254528 0.434591 -0.176386
	-0.007797 2490.001221 -0.003574 0.561106 -0.642895 -0.028400
	0.000793 7816.995605 0.009094 -0.101571 -0.111987 -0.311871
	-0.025940 1659.998291 0.023407 0.040979 0.136309 -0.006323
	-1078.587402 2185.721191 1123.885498 -0.870035 0.036082 -0.471454
	692.133057 702.803345 -2631.120361 -0.066741 0.226422 -0.085417
	20.179886 971.244507 -833.470154 0.318259 0.000013 0.007794
	0.000092 1327.000366 -0.003441 0.972074 -0.002602 0.031584
	-0.000336 365.001312 0.008518 0.319271 0.008199 0.011193
	0.000912 532.998901 -0.028901 0.362666 0.001153 0.009118
	-0.000029 455.000000 0.001379 0.000000 -0.000002 -0.000001
	20.179832 971.246521 -833.472534 0.347157 0.000014 0.008398
	0.001526 1279.998413 -0.071320 0.000000 0.000004 -0.000003
	692.232971 702.822510 -2631.150146 -0.172800 0.000038 0.712107
	-0.006271 1089.041138 -0.000626 0.001315 -0.000001 0.085405
	692.232849 702.821472 -2631.150391 0.178445 -0.000039 -0.682154
	0.000389 1089.016602 -0.001404 0.010271 -0.000001 -0.018423
	-1078.587158 2185.718018 1123.886597 -0.651633 -0.667234 -0.256815
	0.010201 1088.999023 0.012451 0.076459 0.000001 -0.053039
	-1078.587402 2185.723389 1123.885376 0.557368 -0.707108 0.422266
	-0.056137 1088.997192 0.028641 0.124939 0.000000 0.257948
	-0.000453 -0.000377 -0.000196 -0.067466 -0.360060 0.171368
	-0.003418 2343.000488 -0.002655 0.074614 -0.236821 -0.048950
	0.001282 4028.000732 0.003998 -0.313730 0.464406 0.405201
	0.004204 2434.000732 -0.001610 0.196239 0.370107 0.464540
	-0.013733 3784.001953 0.002747 -0.213321 0.306267 -0.118080
	0.009956 2387.001221 -0.023628 -0.284344 0.205978 0.035939
	-0.003479 3391.000244 0.014496 -0.689259 0.057785 -0.058426
}

frame 35 {
	0.375000 -0.570000 1.710000 -0.707107 -0.000000 0.000000
	-0.000025 0.000112 0.000292 -0.990714 0.069682 0.062156
	0.000175 3889.000488 0.001877 0.253512 0.431992 -0.187965
	-0.007697 2490.001465 -0.003828 0.555321 -0.644247 -0.031767
	0.001587 7816.995117 0.009399 -0.118078 -0.121516 -0.300357
	-0.025879 1659.999756 0.022760 0.041082 0.124473 -0.007056
	-1078.586060 2185.724121 1123.885010 -0.869754 0.033483 -0.472264
	692.135742 702.805481 -2631.119385 -0.067951 0.219299 -0.082985
	20.179916 971.245056 -833.470032 0.318260 0.000013 0.007794
	0.000092 1327.000977 -0.003900 0.972074 -0.002602 0.031584
	-0.000259 365.000977 0.008206 0.319271 0.008199 0.011193
	0.000772 532.997864 -0.028718 0.362666 0.001153 0.009118
	-0.000034 454.999878 0.002661 0.000000 -0.000002 -0.000001
	20.179878 971.247070 -833.471924 0.347157 0.000014 0.008398
	0.001511 1280.001221 -0.071373 0.000000 0.000004 -0.000003
	692.232422 702.823853 -2631.150635 -0.172800 0.000038 0.712107
	-0.006836 1089.040161 -0.000870 0.001283 -0.000001 0.083304
	692.232605 702.821838 -2631.150635 0.178445 -0.000039 -0.682154
	0.001755 1089.031494 -0.000305 0.019230 -0.000000 -0.034492
	-1078.586548 2185.718018 1123.886230 -0.651633 -0.667234 -0.256815
	0.008530 1088.999268 0.012360 0.087745 0.000001 -0.060868
	-1078.586914 2185.723389 1123.885376 0.557368 -0.707108 0.422266
	-0.057217 1088.997070 0.030396 0.129336 0.000000 0.267026
	-0.000514 -0.000133 -0.000196 -0.056738 -0.361905 0.144117
	-0.003174 2343.000244 -0.002625 0.093594 -0.236276 -0.061402
	0.001343 4027.999512 0.004303 -0.341390 0.448923 0.440926
	0.001839 2434.000244 -0.001617 0.207817 0.362897 0.497208
	-0.012878 3784.001709 0.002014 -0.193699 0.308346 -0.109437
	0.009914 2387.003174 -0.023056 -0.244434 0.208912 0.033443
	-0.003723 3391.002686 0.013870 -0.689259 0.057785 -0.058426
}

frame 36 {
	0.375000 -0.570000 1.710000 -0.707107 -0.000000 0.000000
	-0.000025 -0.000133 0.000170 -0.990815 0.069635 0.062100
	0.000195 3889.000732 0.002224 0.249978 0.428657 -0.199831
	-0.007835 2490.000977 -0.003586 0.549419 -0.645809 -0.035730
	0.001404 7816.995117 0.008728 -0.138553 -0.131839 -0.287332
	-0.025757 1659.999390 0.023407 0.040585 0.111666 -0.007277
	-1078.586914 2185.721924 1123.884644 -0.869302 0.031298 -0.473373
	692.139709 702.806641 -2631.117432 -0.068837 0.211438 -0.079565
	20.179846 971.246277 -833.470703 0.318260 0.000013 0.007794
	0.000053 1326.998413 -0.004719 0.972074 -0.002602 0.031584
	-0.000252 364.999115 0.008307 0.319271 0.008199 0.011193
	0.000835 532.997498 -0.029564 0.362666 0.001153 0.009118
	0.000015 455.000122 0.001201 0.000000 -0.000002 -0.000001
	20.179804 971.246277 -833.472656 0.347157 0.000014 0.008398
	0.001480 1279.998413 -0.071234 0.000000 0.000004 -0.000003
	692.233215 702.823486 -2631.150879 -0.172800 0.000038 0.712107
	-0.007233 1089.039185 -0.000595 0.001250 -0.000001 0.081202
	692.232910 702.823425 -2631.150879 0.178445 -0.000039 -0.682154
	-0.000999 1089.044067 -0.000824 0.027251 -0.000000 -0.048879
	-1078.586670 2185.718018 1123.885742 -0.651633 -0.667234 -0.256815
	0.009430 1088.998535 0.012543 0.096825 0.000001 -0.067167
	-1078.586670 2185.724121 1123.885254 0.557368 -0.707108 0.422266
	-0.057320 1088.997192 0.030106 0.131011 0.000000 0.270485
	-0.000514 -0.000377 -0.000074 -0.045958 -0.363432 0.116735
	-0.003662 2343.000488 -0.002808 0.109350 -0.235728 -0.071738
	0.001251 4028.000732 0.004120 -0.361666 0.436357 0.467113
	0.004440 2434.000732 -0.002121 0.216666 0.357102 0.522530
	-0.013367 3784.000977 0.002441 -0.167446 0.310880 -0.097856
	0.009716 2387.002197 -0.024948 -0.184736 0.211978 0.028182
	-0.003113 3391.002441 0.014526 -0.689259 0.057785 -0.058426
}

frame 37 {
	0.375000 -0.570000 1.710000 -0.707107 -0.000000 0.000000
	0.000097 0.000112 0.000170 -0.990935 0.069579 0.062034
	0.000244 3889.000488 0.002129 0.245618 0.425697 -0.212050
	-0.007408 2490.001221 -0.003586 0.543299 -0.647371 -0.041186
	0.001709 7816.995605 0.008759 -0.161782 -0.143862 -0.272564
	-0.026123 1660.000854 0.022766 0.039013 0.099460 -0.007702
	-1078.586914 2185.721436 1123.885132 -0.869298 0.028830 -0.473873
	692.144165 702.806763 -2631.116211 -0.068920 0.202107 -0.074141
	20.179901 971.246033 -833.469849 0.318260 0.000013 0.007794
	0.000061 1326.999512 -0.004500 0.972074 -0.002602 0.031584
	-0.000267 365.002136 0.008642 0.319271 0.008199 0.011193
	0.000787 532.999451 -0.029908 0.362666 0.001153 0.009118
	-0.000023 455.000183 0.002528 0.000000 -0.000002 -0.000001
	20.179836 971.246948 -833.471802 0.347157 0.000014 0.008398
	0.001568 1279.997437 -0.072619 -0.000000 0.000004 -0.000003
	692.232483 702.823975 -2631.150391 -0.172800 0.000038 0.712107
	-0.008286 1089.037598 -0.000359 0.001191 -0.000001 0.077379
	692.232483 702.822937 -2631.150391 0.178445 -0.000039 -0.682154
	0.001656 1089.053589 0.001297 0.033495 0.000000 -0.060078
	-1078.586670 2185.718506 1123.886230 -0.651633 -0.667234 -0.256815
	0.010025 1088.998657 0.012207 0.103237 0.000001 -0.071615
	-1078.587158 2185.723633 1123.885254 0.557368 -0.707108 0.422266
	-0.056293 1088.997803 0.028992 0.128218 0.000000 0.264718
	-0.000636 -0.000377 -0.000318 -0.032619 -0.364871 0.082855
	-0.003662 2343.000977 -0.003052 0.122687 -0.235196 -0.080488
	0.001282 4028.000732 0.004242 -0.374609 0.427751 0.483830
	0.004227 2433.999756 -0.001816 0.217630 0.355507 0.529036
	-0.014038 3784.000488 0.002502 -0.113665 0.315204 -0.074068
	0.010245 2387.001953 -0.025047 -0.113783 0.214144 0.021380
	-0.003235 3391.002197 0.013748 -0.689259 0.057785 -0.058426
}

frame 38 {
	0.375000 -0.570000 1.710000 -0.707107 -0.000000 0.000000
	0.000036 0.000112 0.000170 -0.991133 0.069484 0.061922
	0.000118 3889.000488 0.002296 0.240720 0.421581 -0.224881
	-0.007820 2490.001465 -0.003632 0.537056 -0.649528 -0.046831
	0.001190 7816.993652 0.008545 -0.185913 -0.155335 -0.256650
	-0.026245 1659.998291 0.023376 0.036769 0.087138 -0.007514
	-1078.586792 2185.722412 1123.885254 -0.868807 0.026280 -0.475020
	692.150146 702.805725 -2631.114014 -0.069118 0.190883 -0.068732
	20.179874 971.244812 -833.469666 0.318260 0.000013 0.007794
	0.000026 1327.000122 -0.004543 0.972074 -0.002602 0.031584
	-0.000309 365.000244 0.008587 0.319271 0.008199 0.011193
	0.000816 532.999695 -0.028645 0.362666 0.001153 0.009118
	-0.000031 454.999939 0.001730 0.000000 -0.000002 -0.000001
	20.179848 971.245667 -833.471680 0.347157 0.000014 0.008398
	0.001500 1279.998535 -0.071886 0.000000 0.000004 -0.000003
	692.232849 702.821411 -2631.150391 -0.172800 0.000038 0.712107
	-0.007980 1089.035767 -0.000130 0.001133 -0.000001 0.073556
	692.232605 702.820374 -2631.150146 0.178445 -0.000039 -0.682154
	-0.001244 1089.061279 -0.000992 0.038057 0.000000 -0.068261
	-1078.587036 2185.716309 1123.886719 -0.651633 -0.667234 -0.256815
	0.007294 1088.998779 0.012367 0.106206 0.000001 -0.073674
	-1078.587402 2185.722412 1123.885498 0.557368 -0.707108 0.422266
	-0.055645 1088.997070 0.028259 0.121090 0.000000 0.250002
	-0.000453 -0.000377 -0.000318 -0.015169 -0.366012 0.038530
	-0.003632 2343.000732 -0.002625 0.135042 -0.234648 -0.088593
	0.001377 4028.000488 0.003849 -0.383641 0.421457 0.495495
	0.002884 2433.999756 -0.001694 0.212067 0.360190 0.515686
	-0.012939 3784.000488 0.001099 -0.027309 0.319770 -0.035698
	0.009897 2387.000732 -0.025597 -0.043759 0.214940 0.014683
	-0.003296 3391.000732 0.013092 -0.689259 0.057785 -0.058426
}

frame 39 {
	0.375000 -0.570000 1.710000 -0.707107 -0.000000 0.000000
	0.000036 0.000112 0.000292 -0.991326 0.069390 0.061809
	0.000317 3889.000977 0.001919 0.235890 0.416992 -0.238369
	-0.007370 2490.001465 -0.003845 0.530279 -0.652153 -0.052063
	0.001862 7816.995605 0.008347 -0.211015 -0.167449 -0.240596
	-0.025879 1660.001709 0.024170 0.034431 0.074823 -0.007454
	-1078.586914 2185.724121 1123.885132 -0.868617 0.024223 -0.475612
	692.156189 702.807983 -2631.112549 -0.068782 0.178678 -0.062577
	20.179867 971.247070 -833.469604 0.318260 0.000013 0.007794
	0.000015 1327.000000 -0.004858 0.972074 -0.002602 0.031584
	-0.000304 365.000519 0.008442 0.319271 0.008199 0.011193
	0.000824 532.998596 -0.030950 0.362666 0.001153 0.009118
	0.000000 455.000366 0.001523 0.000000 -0.000002 -0.000001
	20.179821 971.247925 -833.471619 0.347157 0.000014 0.008398
	0.001465 1280.000000 -0.071798 0.000000 0.000004 -0.000003
	692.232788 702.823059 -2631.150635 -0.172800 0.000038 0.712107
	-0.008896 1089.033569 -0.000610 0.001065 -0.000001 0.069157
	692.232666 702.822083 -2631.150879 0.178445 -0.000039 -0.682154
	-0.000092 1089.066528 -0.000244 0.041222 0.000000 -0.073937
	-1078.586914 2185.718994 1123.886475 -0.651633 -0.667234 -0.256815
	0.010155 1088.998291 0.012428 0.105424 0.000001 -0.073132
	-1078.587524 2185.724121 1123.885498 0.557368 -0.707108 0.422266
	-0.057459 1088.997559 0.027740 0.110776 0.000000 0.228707
	-0.000453 -0.000621 -0.000196 0.004848 -0.366294 -0.012314
	-0.003723 2343.000244 -0.002632 0.145948 -0.234120 -0.095748
	0.001221 4028.000244 0.004272 -0.389286 0.417398 0.502786
	0.003967 2434.000000 -0.001785 0.200833 0.367844 0.490271
	-0.013000 3784.001221 0.001526 0.074505 0.321455 0.009812
	0.009644 2387.000732 -0.022415 0.025783 0.214465 0.006855
	-0.003601 3391.001709 0.013138 -0.689259 0.057785 -0.058426
}

frame 40 {
	0.375000 -0.570000 1.710000 -0.707107 -0.000000 0.000000
	0.000097 0.000112 0.000170 -0.991618 0.069288 0.062367
	0.000160 3889.000488 0.001957 0.231660 0.411060 -0.252755
	-0.006485 2490.001465 -0.003693 0.524364 -0.655080 -0.057478
	0.001106 7816.995117 0.008301 -0.236378 -0.179072 -0.224125
	-0.026215 1660.000000 0.023849 0.031067 0.063037 -0.006505
	-1078.586426 2185.722900 1123.885010 -0.868187 0.021472 -0.476611
	692.163696 702.807678 -2631.113525 -0.065832 0.164810 -0.055564
	20.179928 971.246033 -833.469421 0.318260 0.000013 0.007794
	0.000023 1326.999023 -0.002343 0.972074 -0.002602 0.031584
	-0.000412 365.000854 0.008593 0.319271 0.008199 0.011193
	0.000732 532.997742 -0.029568 0.362666 0.001153 0.009118
	0.000015 455.000092 0.002167 0.000000 -0.000002 -0.000001
	20.179878 971.246887 -833.470886 0.347157 0.000014 0.008398
	0.001564 1279.999878 -0.070996 0.000000 0.000004 -0.000003
	692.232727 702.822144 -2631.150879 -0.172800 0.000038 0.712107
	-0.011459 1089.030518 -0.000793 0.000979 -0.000001 0.063610
	692.232666 702.821167 -2631.150879 0.178445 -0.000039 -0.682154
	-0.003609 1089.068604 -0.000565 0.042152 0.000000 -0.075605
	-1078.586182 2185.719727 1123.885986 -0.651633 -0.667234 -0.256815
	0.011444 1088.999023 0.012781 0.099328 0.000001 -0.068903
	-1078.586548 2185.723877 1123.885132 0.557368 -0.707108 0.422266
	-0.057931 1088.997681 0.027588 0.097793 0.000000 0.201902
	-0.000514 -0.000377 -0.000074 0.025265 -0.365454 -0.064175
	-0.003220 2343.001465 -0.002228 0.155566 -0.233618 -0.102058
	0.001624 4028.000488 0.004242 -0.391636 0.415679 0.505821
	0.005768 2433.998779 -0.002199 0.187601 0.377297 0.459663
	-0.013062 3784.000488 0.000977 0.175001 0.319156 0.055024
	0.009512 2387.000000 -0.022137 0.102940 0.212718 -0.003514
	-0.003357 3391.001709 0.013672 -0.689259 0.057785 -0.058426
}

frame 41 {
	0.375000 -0.570000 1.710000 -0.707107 -0.000000 0.000000
	0.000036 0.000112 0.000292 -0.991930 0.068949 0.062350
	0.000072 3889.000488 0.002090 0.229928 0.404445 -0.267543
	-0.007706 2490.001465 -0.003723 0.518171 -0.659391 -0.061805
	0.001083 7816.995605 0.008606 -0.260530 -0.190036 -0.208207
	-0.025620 1659.998413 0.023590 0.027832 0.051448 -0.006649
	-1078.587158 2185.721436 1123.885132 -0.868023 0.018657 -0.477109
	692.171936 702.810486 -2631.116211 -0.058654 0.149069 -0.048214
	20.179871 971.245789 -833.470276 0.318260 0.000013 0.007794
	0.000053 1327.000122 -0.003815 0.972074 -0.002602 0.031584
	-0.000381 365.000824 0.008017 0.319271 0.008199 0.011193
	0.000748 532.999939 -0.029305 0.362666 0.001153 0.009118
	-0.000076 455.000214 0.001217 0.000000 -0.000002 -0.000001
	20.179829 971.246582 -833.471863 0.347157 0.000014 0.008398
	0.001572 1279.998047 -0.073524 -0.000000 0.000004 -0.000003
	692.232483 702.823120 -2631.149902 -0.172800 0.000038 0.712107
	-0.010124 1089.026855 0.000043 0.000891 -0.000001 0.057869
	692.232483 702.822144 -2631.150391 0.178445 -0.000039 -0.682154
	-0.000130 1089.068359 -0.000687 0.041966 0.000000 -0.075272
	-1078.587158 2185.717529 1123.886108 -0.651633 -0.667234 -0.256815
	0.009857 1088.998779 0.012152 0.087745 0.000001 -0.060868
	-1078.587524 2185.722656 1123.885254 0.557368 -0.707108 0.422266
	-0.055590 1088.998291 0.029243 0.082500 0.000000 0.170329
	-0.000270 -0.000377 -0.000318 0.044005 -0.363673 -0.111775
	-0.003082 2343.000244 -0.002708 0.163436 -0.233183 -0.107221
	0.001442 4028.000732 0.004181 -0.391185 0.416011 0.505238
	0.002953 2434.000488 -0.001759 0.176361 0.384405 0.435507
	-0.012878 3784.001221 0.001740 0.253087 0.314538 0.090362
	0.009677 2387.001221 -0.023376 0.167341 0.210586 -0.013660
	-0.003357 3391.001709 0.013947 -0.689259 0.057786 -0.058426
}

frame 42 {
	0.375000 -0.570000 1.710000 -0.707107 -0.000000 0.000000
	0.000097 0.000356 0.000170 -0.992404 0.068162 0.062569
	0.000183 3889.000732 0.002266 0.230208 0.397018 -0.282506
	-0.007660 2490.001221 -0.003723 0.512677 -0.664128 -0.065476
	0.000793 7816.996094 0.009216 -0.282684 -0.200097 -0.193342
	-0.025299 1660.000244 0.023621 0.023864 0.040908 -0.005500
	-1078.586670 2185.721680 1123.885498 -0.867508 0.016303 -0.478239
	692.181152 702.813599 -2631.120850 -0.047593 0.132293 -0.039986
	20.179913 971.245422 -833.469849 0.318260 0.000013 0.007794
	0.000040 1327.000610 -0.002537 0.972074 -0.002602 0.031584
	-0.000336 365.001404 0.008606 0.319271 0.008199 0.011193
	0.000824 532.997803 -0.029554 0.362666 0.001153 0.009118
	-0.000061 455.000122 0.001799 0.000000 -0.000002 -0.000001
	20.179884 971.246155 -833.471924 0.347157 0.000014 0.008398
	0.001572 1279.998657 -0.071864 0.000000 0.000004 -0.000003
	692.232544 702.822876 -2631.149902 -0.172800 0.000038 0.712107
	-0.009705 1089.024658 -0.000265 0.000791 -0.000001 0.051360
	692.232544 702.821899 -2631.150146 0.178445 -0.000039 -0.682154
	0.000137 1089.066284 -0.001137 0.040850 0.000000 -0.073270
	-1078.586426 2185.718750 1123.886230 -0.651633 -0.667234 -0.256815
	0.009617 1088.999268 0.012413 0.073007 0.000001 -0.050644
	-1078.586670 2185.723877 1123.885498 0.557368 -0.707108 0.422266
	-0.055573 1088.998535 0.028679 0.066276 0.000000 0.136834
	-0.000392 -0.000377 -0.000196 0.060412 -0.361310 -0.153448
	-0.003575 2343.000977 -0.003178 0.170976 -0.232746 -0.112168
	0.001678 4028.001465 0.005402 -0.388197 0.418189 0.501380
	0.004135 2434.000000 -0.001656 0.173584 0.386021 0.422807
	-0.013002 3784.000732 0.003357 0.299959 0.310506 0.111666
	0.009956 2386.999512 -0.024406 0.201540 0.209579 -0.021156
	-0.003601 3391.001953 0.014435 -0.689259 0.057786 -0.058426
}

frame 43 {
	0.375000 -0.570000 1.710000 -0.707107 -0.000000 0.000000
	0.000036 0.000112 0.000170 -0.992860 0.067905 0.062803
	0.000130 3889.000732 0.002048 0.232032 0.388217 -0.297191
	-0.007233 2490.000488 -0.003448 0.507345 -0.670333 -0.067725
	0.000763 7816.996094 0.009644 -0.302536 -0.208606 -0.179708
	-0.024933 1659.997803 0.023682 0.020064 0.030714 -0.005153
	-1078.586914 2185.721924 1123.885498 -0.867157 0.013476 -0.478872
	692.191101 702.816101 -2631.127441 -0.035271 0.113937 -0.031395
	20.179907 971.244934 -833.469910 0.318260 0.000013 0.007794
	0.000010 1327.000488 -0.003201 0.972074 -0.002602 0.031584
	-0.000366 365.001099 0.008373 0.319271 0.008199 0.011193
	0.000778 532.998413 -0.028872 0.362666 0.001153 0.009118
	-0.000038 454.999603 0.002638 0.000000 -0.000002 -0.000001
	20.179844 971.244751 -833.471375 0.347157 0.000014 0.008398
	0.001537 1279.999268 -0.071671 -0.000000 0.000004 -0.000003
	692.232666 702.822998 -2631.149902 -0.172800 0.000038 0.712107
	-0.010803 1089.021606 0.000021 0.000682 -0.000001 0.044275
	692.232666 702.821045 -2631.150391 0.178445 -0.000039 -0.682154
	-0.001633 1089.062256 -0.000546 0.038616 0.000000 -0.069264
	-1078.586914 2185.717773 1123.886230 -0.651633 -0.667234 -0.256815
	0.007916 1088.999023 0.012129 0.056830 0.000001 -0.039422
	-1078.587524 2185.722900 1123.885498 0.557368 -0.707108 0.422266
	-0.054722 1088.998413 0.029095 0.049958 0.000000 0.103143
	-0.000270 -0.000377 -0.000074 0.076900 -0.358163 -0.195331
	-0.003571 2343.000732 -0.003082 0.177562 -0.232347 -0.116488
	0.001556 4028.000488 0.003784 -0.383000 0.421912 0.494668
	0.004463 2434.000977 -0.002274 0.177099 0.383378 0.424109
	-0.013977 3784.001465 0.002159 0.325939 0.307843 0.123506
	0.010132 2386.998535 -0.024513 0.217497 0.209809 -0.028046
	-0.003418 3391.002441 0.014404 -0.689259 0.057786 -0.058426
}

frame 44 {
	0.375000 -0.570000 1.710000 -0.707107 -0.000000 0.000000
	0.000036 0.000112 0.000170 -0.993318 0.067627 0.063371
	0.000076 3889.000488 0.001957 0.235969 0.379186 -0.310774
	-0.008133 2490.001465 -0.003876 0.503488 -0.677266 -0.068879
	0.000854 7816.995117 0.008911 -0.319491 -0.216339 -0.167903
	-0.024719 1660.000977 0.023865 0.016308 0.022203 -0.004156
	-1078.586670 2185.723389 1123.885620 -0.866712 0.011337 -0.479800
	692.201172 702.820251 -2631.134766 -0.021927 0.093853 -0.023198
	20.180002 971.246094 -833.470337 0.318260 0.000013 0.007794
	0.000053 1326.999634 -0.002836 0.972074 -0.002602 0.031584
	-0.000229 365.000702 0.007690 0.319271 0.008199 0.011193
	0.000778 532.999084 -0.029091 0.362666 0.001153 0.009118
	0.000031 454.999878 0.000345 0.000000 -0.000002 -0.000001
	20.179947 971.245972 -833.472290 0.347157 0.000014 0.008398
	0.001604 1279.999878 -0.072593 0.000000 0.000004 -0.000003
	692.232971 702.822449 -2631.149902 -0.172800 0.000038 0.712107
	-0.013985 1089.017822 -0.000675 0.000567 -0.000001 0.036802
	692.232971 702.821411 -2631.150391 0.178445 -0.000039 -0.682154
	0.000305 1089.057251 -0.001450 0.035078 0.000000 -0.062917
	-1078.586914 2185.718262 1123.886841 -0.651633 -0.667234 -0.256815
	0.006897 1088.999146 0.011362 0.040315 0.000001 -0.027966
	-1078.587402 2185.723389 1123.885620 0.557368 -0.707108 0.422266
	-0.057083 1088.998291 0.028397 0.034400 0.000000 0.071023
	-0.000636 -0.000621 -0.000318 0.093908 -0.354085 -0.238531
	-0.003204 2343.001465 -0.002335 0.183198 -0.231993 -0.120186
	0.001526 4028.000488 0.003174 -0.375906 0.426862 0.485505
	0.003792 2434.000732 -0.001495 0.180715 0.381168 0.434356
	-0.013809 3784.001221 0.003113 0.339307 0.306349 0.129607
	0.009239 2386.999512 -0.023769 0.224873 0.210517 -0.033851
	-0.003296 3391.001465 0.014038 -0.689259 0.057785 -0.058426
}

frame 45 {
	0.375000 -0.570000 1.710000 -0.707107 -0.000000 0.000000
	0.000097 0.000112 0.000292 -0.993760 0.067310 0.063915
	-0.000107 3889.000977 0.001965 0.241589 0.369444 -0.322810
	-0.007980 2490.001221 -0.003525 0.500336 -0.685560 -0.067520
	0.001282 7816.994629 0.008575 -0.332501 -0.221697 -0.159277
	-0.025940 1659.999756 0.023193 0.012134 0.014454 -0.003517
	-1078.585938 2185.722656 1123.885010 -0.866569 0.008370 -0.480132
	692.210083 702.820679 -2631.141602 -0.011319 0.072577 -0.014882
	20.179913 971.244385 -833.470093 0.318260 0.000013 0.007794
	0.000044 1326.999878 -0.003294 0.972074 -0.002602 0.031584
	-0.000305 365.000549 0.008396 0.319271 0.008199 0.011193
	0.000763 532.998596 -0.028925 0.362666 0.001153 0.009118
	-0.000099 454.999023 0.002625 0.000000 -0.000002 -0.000001
	20.179880 971.245239 -833.472595 0.347157 0.000014 0.008398
	0.001502 1279.998047 -0.070491 0.000000 0.000004 -0.000003
	692.232605 702.821594 -2631.150635 -0.172800 0.000038 0.712107
	-0.010773 1089.012939 -0.000458 0.000434 -0.000001 0.028181
	692.232544 702.820618 -2631.150391 0.178445 -0.000039 -0.682154
	0.000732 1089.048096 0.000427 0.029582 -0.000000 -0.053059
	-1078.586304 2185.717773 1123.886597 -0.651633 -0.667234 -0.256815
	0.009542 1088.998901 0.012306 0.024890 0.000001 -0.017265
	-1078.586548 2185.723145 1123.885742 0.557368 -0.707108 0.422266
	-0.054359 1088.999146 0.029327 0.020722 0.000000 0.042783
	-0.000331 -0.000621 -0.000196 0.109358 -0.349622 -0.277776
	-0.003510 2343.000488 -0.002838 0.188356 -0.231658 -0.123570
	0.001190 4028.000732 0.003296 -0.366480 0.433211 0.473330
	0.004242 2434.000000 -0.001877 0.183929 0.379103 0.445374
	-0.013580 3784.000732 0.003288 0.342230 0.306011 0.130942
	0.009804 2387.000000 -0.024132 0.226582 0.211689 -0.039699
	-0.003662 3391.002197 0.014557 -0.689259 0.057786 -0.058426
}

frame 46 {
	0.375000 -0.570000 1.710000 -0.707107 -0.000000 0.000000
	0.000097 0.000356 0.000170 -0.994202 0.066934 0.064411
	0.000084 3889.000000 0.001850 0.249443 0.358728 -0.333265
	-0.007706 2490.001221 -0.003677 0.498069 -0.695201 -0.064600
	0.000732 7816.995117 0.008484 -0.340268 -0.225225 -0.153674
	-0.026245 1659.998535 0.023743 0.007738 0.008172 -0.002056
	-1078.586914 2185.720215 1123.885498 -0.866378 0.005500 -0.480429
	692.218811 702.823914 -2631.146484 -0.002828 0.049739 -0.008098
	20.179949 971.245728 -833.469910 0.318260 0.000013 0.007794
	0.000016 1327.000244 -0.004185 0.972074 -0.002602 0.031584
	-0.000275 365.000488 0.008739 0.319271 0.008199 0.011193
	0.000748 532.999146 -0.029885 0.362666 0.001153 0.009118
	0.000008 454.999725 0.002022 0.000000 -0.000002 -0.000001
	20.179909 971.246582 -833.472351 0.347157 0.000014 0.008398
	0.001532 1279.998535 -0.071581 -0.000000 0.000004 -0.000003
	692.232605 702.822937 -2631.149902 -0.172800 0.000038 0.712107
	-0.011692 1089.008545 -0.000118 0.000296 -0.000001 0.019171
	692.232605 702.820923 -2631.150391 0.178445 -0.000039 -0.682154
	0.000397 1089.035889 -0.000427 0.022028 -0.000000 -0.039511
	-1078.586914 2185.716064 1123.886230 -0.651633 -0.667234 -0.256815
	0.008970 1088.999023 0.013119 0.011973 0.000001 -0.008304
	-1078.586914 2185.722412 1123.885376 0.557368 -0.707108 0.422266
	-0.053917 1088.998535 0.029388 0.010029 0.000000 0.020706
	-0.000392 -0.000621 -0.000074 0.121956 -0.345429 -0.309773
	-0.003326 2343.000732 -0.002899 0.192259 -0.231399 -0.126130
	0.001495 4028.000488 0.003876 -0.355959 0.440004 0.459742
	0.003204 2433.998535 -0.002174 0.184259 0.378872 0.448457
	-0.013580 3784.000732 0.001770 0.338657 0.306423 0.129310
	0.009911 2386.999756 -0.023880 0.226155 0.212785 -0.044535
	-0.003235 3391.002686 0.014038 -0.689259 0.057785 -0.058426
}

frame 47 {
	0.375000 -0.570000 1.710000 -0.707107 -0.000000 0.000000
	0.000097 0.000356 0.000170 -0.994586 0.066540 0.064903
	0.000114 3889.000732 0.001987 0.259354 0.348071 -0.341167
	-0.007370 2490.000977 -0.003754 0.497079 -0.706052 -0.059367
	0.000366 7816.994629 0.009338 -0.343370 -0.227180 -0.151823
	-0.025635 1660.000366 0.023987 0.003804 0.002993 -0.001255
	-1078.586792 2185.722168 1123.885010 -0.865901 0.002701 -0.481222
	692.226624 702.826294 -2631.149902 0.001749 0.025613 -0.002826
	20.179977 971.245544 -833.470215 0.318260 0.000013 0.007794
	0.000140 1327.000122 -0.003990 0.972074 -0.002602 0.031584
	-0.000290 365.000336 0.008224 0.319271 0.008199 0.011193
	0.000748 532.999023 -0.029872 0.362666 0.001153 0.009118
	0.000053 454.999420 0.000446 0.000000 -0.000002 -0.000001
	20.179939 971.245544 -833.472656 0.347157 0.000014 0.008398
	0.001591 1279.997559 -0.072000 0.000000 0.000004 -0.000003
	692.232788 702.824341 -2631.150146 -0.172800 0.000038 0.712107
	-0.013655 1089.004395 -0.000473 0.000148 -0.000001 0.009587
	692.232788 702.822388 -2631.150146 0.178445 -0.000039 -0.682154
	0.000793 1089.020508 -0.000824 0.012231 -0.000001 -0.021939
	-1078.587036 2185.717285 1123.886230 -0.651633 -0.667234 -0.256815
	0.006891 1088.999146 0.012642 0.003308 0.000001 -0.002294
	-1078.587158 2185.723389 1123.885010 0.557368 -0.707108 0.422266
	-0.056519 1088.999023 0.028748 0.002842 0.000000 0.005868
	-0.000331 -0.000621 -0.000440 0.130658 -0.342233 -0.331878
	-0.003265 2343.000488 -0.003113 0.195690 -0.231166 -0.128381
	0.001648 4028.000732 0.003479 -0.344114 0.447297 0.444444
	0.003662 2434.000244 -0.001446 0.180237 0.381959 0.437546
	-0.013000 3784.000488 0.002380 0.330677 0.307323 0.125667
	0.009731 2386.999756 -0.022491 0.225937 0.213499 -0.047703
	-0.003418 3391.002197 0.015167 -0.689259 0.057785 -0.058426
}

frame 48 {
	0.375000 -0.570000 1.710000 -0.707107 -0.000000 0.000000
	0.000036 0.000112 0.000170 -0.994961 0.065364 0.065363
	0.000008 3889.000732 0.001850 0.270269 0.337878 -0.346677
	-0.008286 2490.001221 -0.003693 0.497701 -0.717926 -0.051009
	0.000488 7816.993652 0.008484 -0.340681 -0.226459 -0.153670
	-0.025269 1659.999512 0.022522 0.000000 -0.000000 -0.000000
	-1078.586792 2185.720215 1123.885376 -0.865563 -0.000046 -0.481643
	692.232544 702.821899 -2631.150146 -0.000000 0.000001 0.000001
	20.179844 971.244507 -833.470093 0.318260 0.000013 0.007794
	-0.000021 1327.000000 -0.004709 0.972074 -0.002602 0.031584
	-0.000267 365.000092 0.008299 0.319271 0.008199 0.011193
	0.000832 532.998962 -0.029196 0.362666 0.001153 0.009118
	-0.000023 454.999359 0.002159 0.000000 -0.000002 -0.000001
	20.179806 971.245483 -833.472290 0.347157 0.000014 0.008398
	0.001457 1280.000244 -0.070309 0.000000 0.000004 -0.000003
	692.232605 702.821899 -2631.150146 -0.172800 0.000038 0.712107
	-0.013490 1088.999512 0.000000 0.000000 -0.000001 0.000000
	692.232544 702.821899 -2631.150635 0.178445 -0.000039 -0.682154
	-0.002167 1089.000977 -0.001129 0.000000 -0.000001 -0.000001
	-1078.586792 2185.717041 1123.886353 -0.651633 -0.667234 -0.256815
	0.010098 1088.999146 0.013115 -0.000000 0.000001 0.000001
	-1078.587402 2185.721191 1123.885498 0.557368 -0.707108 0.422266
	-0.055153 1088.999390 0.028656 -0.000000 0.000000 0.000000
	-0.000270 -0.000377 0.000048 0.134195 -0.340861 -0.340861
	-0.003815 2343.000488 -0.002625 0.198806 -0.230951 -0.130426
	0.001465 4028.000977 0.004150 -0.331091 0.454903 0.427623
	0.004425 2433.998779 -0.002289 0.167927 0.388594 0.404804
	-0.013794 3784.002197 0.003113 0.320373 0.308440 0.120967
	0.009233 2386.999756 -0.022533 0.228918 0.213699 -0.049372
	-0.003052 3391.002197 0.013489 -0.689259 0.057785 -0.058426
}

