MD5Version 10
commandline "Exported from Blender by io_export_md5.py by Paul Zirkle"

numJoints 9
numMeshes 2

joints {
	"bone0"	-1 ( -0.007499 -4.020000 1.057504 ) ( -0.707107 -0.000000 -0.000000 )		// 
	"bone1"	0 ( -0.007498 -4.020004 1.057500 ) ( -0.000000 -0.000000 -0.000000 )		// bone0
	"bone3"	1 ( 0.009860 -5.740883 0.506595 ) ( -0.267523 -0.000000 0.373243 )		// bone1
	"bone5"	2 ( 1.613289 -4.342696 1.655857 ) ( -0.110277 -0.000000 0.673684 )		// bone3
	"bone7"	3 ( 2.078011 -4.310610 1.731929 ) ( -0.110277 0.000000 0.673684 )		// bone5
	"bone4"	1 ( 0.009864 -5.740885 0.506592 ) ( -0.231338 -0.000000 -0.392528 )		// bone1
	"bone6"	5 ( -1.679917 -4.326819 1.502469 ) ( -0.267591 -0.000000 -0.692257 )		// bone4
	"bone8"	6 ( -2.117893 -4.374799 1.671768 ) ( -0.267591 -0.000000 -0.692257 )		// bone6
	"bone2"	0 ( -0.007499 -4.020000 1.057498 ) ( -0.000000 -0.000000 -0.000000 )		// bone0
}

mesh {
	shader "bomb_1"

	numverts 295
	vert 0 ( 0.570313 1.742188 ) 0 1
	vert 1 ( 0.578125 1.695313 ) 1 1
	vert 2 ( 0.507813 1.671875 ) 2 1
	vert 3 ( 0.320313 1.750000 ) 3 1
	vert 4 ( 0.335938 1.859375 ) 4 1
	vert 5 ( 0.234375 1.789063 ) 5 1
	vert 6 ( 0.250000 1.882813 ) 6 1
	vert 7 ( 0.125000 1.429688 ) 7 1
	vert 8 ( 0.007812 1.476563 ) 8 1
	vert 9 ( 0.007812 1.375000 ) 9 1
	vert 10 ( 0.140625 1.125000 ) 10 1
	vert 11 ( 0.015625 1.164063 ) 11 1
	vert 12 ( 0.023437 1.070312 ) 12 1
	vert 13 ( 0.273438 1.226563 ) 13 1
	vert 14 ( 0.203125 1.281250 ) 14 1
	vert 15 ( 0.226563 1.125000 ) 15 1
	vert 16 ( 0.437500 1.242188 ) 16 1
	vert 17 ( 0.429688 1.171875 ) 17 1
	vert 18 ( 0.390625 1.250000 ) 18 1
	vert 19 ( 0.265625 1.343750 ) 19 1
	vert 20 ( 0.203125 1.453125 ) 20 1
	vert 21 ( 0.382813 1.164063 ) 21 1
	vert 22 ( 0.484375 1.234375 ) 22 1
	vert 23 ( 0.468750 1.164063 ) 23 1
	vert 24 ( 0.085937 1.976563 ) 24 1
	vert 25 ( 0.054687 1.859375 ) 25 1
	vert 26 ( 0.015625 1.937500 ) 26 1
	vert 27 ( 0.007812 1.867188 ) 27 1
	vert 28 ( 0.101563 1.273438 ) 28 1
	vert 29 ( 0.843750 1.062500 ) 29 1
	vert 30 ( 0.843750 1.156250 ) 30 1
	vert 31 ( 0.984375 1.078125 ) 31 1
	vert 32 ( 0.984375 1.179688 ) 32 1
	vert 33 ( 0.007812 1.265625 ) 33 1
	vert 34 ( 0.968750 1.273438 ) 34 1
	vert 35 ( 0.835938 1.257813 ) 35 1
	vert 36 ( 0.828125 1.351563 ) 36 1
	vert 37 ( 0.953125 1.367188 ) 37 1
	vert 38 ( 0.687500 1.062500 ) 38 1
	vert 39 ( 0.695313 1.156250 ) 39 1
	vert 40 ( 0.859375 1.015625 ) 40 1
	vert 41 ( 0.992188 1.031250 ) 41 1
	vert 42 ( 0.875000 1.562500 ) 42 1
	vert 43 ( 0.750000 1.656250 ) 43 1
	vert 44 ( 0.750000 1.546875 ) 44 1
	vert 45 ( 0.632813 1.554688 ) 45 1
	vert 46 ( 0.710938 1.445313 ) 46 1
	vert 47 ( 0.820313 1.445313 ) 47 1
	vert 48 ( 0.929688 1.460938 ) 48 1
	vert 49 ( 0.703125 1.257813 ) 49 1
	vert 50 ( 0.710938 1.351563 ) 50 1
	vert 51 ( 0.148438 1.039062 ) 51 1
	vert 52 ( 0.039062 1.007812 ) 52 1
	vert 53 ( 0.382813 1.164063 ) 53 1
	vert 54 ( 0.335938 1.156250 ) 54 1
	vert 55 ( 0.367188 1.078125 ) 55 1
	vert 56 ( 0.429688 1.171875 ) 56 1
	vert 57 ( 0.429688 1.156250 ) 57 1
	vert 58 ( 0.468750 1.164063 ) 58 1
	vert 59 ( 0.468750 1.148438 ) 59 1
	vert 60 ( 0.460938 1.062500 ) 60 1
	vert 61 ( 0.523438 1.062500 ) 61 1
	vert 62 ( 0.312500 1.101563 ) 62 1
	vert 63 ( 0.265625 1.109375 ) 63 1
	vert 64 ( 0.414063 1.375000 ) 64 1
	vert 65 ( 0.343750 1.257813 ) 65 1
	vert 66 ( 0.390625 1.250000 ) 66 1
	vert 67 ( 0.351563 1.203125 ) 67 1
	vert 68 ( 0.421875 1.070312 ) 68 1
	vert 69 ( 0.515625 1.148438 ) 69 1
	vert 70 ( 0.304688 1.187500 ) 70 1
	vert 71 ( 0.296875 1.273438 ) 71 1
	vert 72 ( 0.484375 1.234375 ) 72 1
	vert 73 ( 0.531250 1.226563 ) 73 1
	vert 74 ( 0.421875 1.351563 ) 74 1
	vert 75 ( 0.437500 1.242188 ) 75 1
	vert 76 ( 0.484375 1.335938 ) 76 1
	vert 77 ( 0.320313 1.359375 ) 77 1
	vert 78 ( 0.265625 1.500000 ) 78 1
	vert 79 ( 0.187500 1.617188 ) 79 1
	vert 80 ( 0.156250 1.578125 ) 80 1
	vert 81 ( 0.250000 1.625000 ) 81 1
	vert 82 ( 0.265625 1.500000 ) 82 1
	vert 83 ( 0.156250 1.578125 ) 83 1
	vert 84 ( 0.250000 1.625000 ) 84 1
	vert 85 ( 0.515625 1.273438 ) 85 1
	vert 86 ( 0.273438 1.718750 ) 86 1
	vert 87 ( 0.242188 1.625000 ) 87 1
	vert 88 ( 0.164063 1.664063 ) 88 1
	vert 89 ( 0.007812 1.625000 ) 89 1
	vert 90 ( 0.585938 1.367188 ) 90 1
	vert 91 ( 0.445313 1.781250 ) 91 1
	vert 92 ( 0.390625 1.718750 ) 92 1
	vert 93 ( 0.078125 1.812500 ) 93 1
	vert 94 ( 0.156250 1.718750 ) 94 1
	vert 95 ( 0.148438 1.812500 ) 95 1
	vert 96 ( 0.460938 1.734375 ) 96 1
	vert 97 ( 0.523438 1.820313 ) 97 1
	vert 98 ( 0.421875 1.828125 ) 98 1
	vert 99 ( 0.132813 1.867188 ) 99 1
	vert 100 ( 0.156250 1.929688 ) 100 1
	vert 101 ( 0.171875 1.984375 ) 101 1
	vert 102 ( 0.085937 1.976563 ) 102 1
	vert 103 ( 0.648438 1.632813 ) 103 1
	vert 104 ( 0.648438 1.718750 ) 104 1
	vert 105 ( 0.054687 1.859375 ) 105 1
	vert 106 ( 0.007812 1.804688 ) 106 1
	vert 107 ( 0.039062 1.804688 ) 107 1
	vert 108 ( 0.546875 1.796875 ) 108 1
	vert 109 ( 0.554688 1.773438 ) 109 1
	vert 110 ( 0.828125 1.351563 ) 110 1
	vert 111 ( 0.500000 1.742188 ) 111 1
	vert 112 ( 0.046875 1.734375 ) 112 1
	vert 113 ( 0.554688 1.625000 ) 113 1
	vert 114 ( 0.593750 1.632813 ) 114 1
	vert 115 ( 0.335938 1.648438 ) 115 1
	vert 116 ( 0.476563 1.570313 ) 116 1
	vert 117 ( 0.468750 1.437500 ) 117 1
	vert 118 ( 0.273438 1.398438 ) 118 1
	vert 119 ( 0.312500 1.382813 ) 119 1
	vert 120 ( 0.304688 1.445313 ) 120 1
	vert 121 ( 0.570313 1.273438 ) 121 1
	vert 122 ( 0.359375 1.375000 ) 122 1
	vert 123 ( 0.156250 1.929688 ) 123 1
	vert 124 ( 0.171875 1.992188 ) 124 1
	vert 125 ( 0.250000 1.882813 ) 125 1
	vert 126 ( 0.273438 1.984375 ) 126 1
	vert 127 ( 0.273438 1.984375 ) 127 1
	vert 128 ( 0.171875 1.992188 ) 128 1
	vert 129 ( 0.585938 1.367188 ) 129 1
	vert 130 ( 0.570313 1.273438 ) 130 1
	vert 131 ( 0.710938 1.351563 ) 131 1
	vert 132 ( 0.703125 1.257813 ) 132 1
	vert 133 ( 0.835938 1.257813 ) 133 1
	vert 134 ( 0.453125 1.421875 ) 134 1
	vert 135 ( 0.398438 1.390625 ) 135 1
	vert 136 ( 0.414063 1.460938 ) 136 1
	vert 137 ( 0.351563 1.468750 ) 137 1
	vert 138 ( 0.843750 1.062500 ) 138 1
	vert 139 ( 0.218750 1.070312 ) 139 1
	vert 140 ( 0.460938 1.953125 ) 140 1
	vert 141 ( 0.507813 1.718750 ) 141 1
	vert 142 ( 0.093750 1.734375 ) 142 1
	vert 143 ( 0.585938 1.492188 ) 143 1
	vert 144 ( 0.593750 1.546875 ) 144 1
	vert 145 ( 0.695313 1.156250 ) 145 1
	vert 146 ( 0.843750 1.156250 ) 146 1
	vert 147 ( 0.320313 1.445313 ) 147 1
	vert 148 ( 0.687500 1.062500 ) 148 1
	vert 149 ( 0.335938 1.453125 ) 149 1
	vert 150 ( 0.554688 1.015625 ) 150 1
	vert 151 ( 0.476563 1.000000 ) 151 1
	vert 152 ( 0.632813 1.242188 ) 152 1
	vert 153 ( 0.289063 1.054687 ) 153 1
	vert 154 ( 0.492188 1.914063 ) 154 1
	vert 155 ( 0.914063 1.914063 ) 155 1
	vert 156 ( 0.812500 1.859375 ) 156 1
	vert 157 ( 0.937500 1.796875 ) 157 1
	vert 158 ( 0.789063 1.929688 ) 158 1
	vert 159 ( 0.585938 1.992188 ) 159 1
	vert 160 ( 0.867188 1.937500 ) 160 1
	vert 161 ( 0.570313 1.742188 ) 161 1
	vert 162 ( 0.507813 1.671875 ) 162 1
	vert 163 ( 0.578125 1.695313 ) 163 1
	vert 164 ( 0.320313 1.750000 ) 164 1
	vert 165 ( 0.234375 1.789063 ) 165 1
	vert 166 ( 0.335938 1.859375 ) 166 1
	vert 167 ( 0.273438 1.226563 ) 167 1
	vert 168 ( 0.226563 1.125000 ) 168 1
	vert 169 ( 0.203125 1.281250 ) 169 1
	vert 170 ( 0.265625 1.343750 ) 170 1
	vert 171 ( 0.203125 1.453125 ) 171 1
	vert 172 ( 0.125000 1.429688 ) 172 1
	vert 173 ( 0.101563 1.273438 ) 173 1
	vert 174 ( 0.140625 1.125000 ) 174 1
	vert 175 ( 0.859375 1.015625 ) 175 1
	vert 176 ( 0.750000 1.546875 ) 176 1
	vert 177 ( 0.710938 1.445313 ) 177 1
	vert 178 ( 0.632813 1.554688 ) 178 1
	vert 179 ( 0.117188 1.523438 ) 179 1
	vert 180 ( 0.015625 1.546875 ) 180 1
	vert 181 ( 0.820313 1.445313 ) 181 1
	vert 182 ( 0.148438 1.039062 ) 182 1
	vert 183 ( 0.367188 1.078125 ) 183 1
	vert 184 ( 0.335938 1.156250 ) 184 1
	vert 185 ( 0.429688 1.156250 ) 185 1
	vert 186 ( 0.468750 1.148438 ) 186 1
	vert 187 ( 0.460938 1.062500 ) 187 1
	vert 188 ( 0.523438 1.062500 ) 188 1
	vert 189 ( 0.312500 1.101563 ) 189 1
	vert 190 ( 0.265625 1.109375 ) 190 1
	vert 191 ( 0.414063 1.375000 ) 191 1
	vert 192 ( 0.343750 1.257813 ) 192 1
	vert 193 ( 0.789063 1.781250 ) 193 1
	vert 194 ( 0.929688 1.687500 ) 194 1
	vert 195 ( 0.851563 1.632813 ) 195 1
	vert 196 ( 0.351563 1.203125 ) 196 1
	vert 197 ( 0.992188 1.593750 ) 197 1
	vert 198 ( 0.695313 1.742188 ) 198 1
	vert 199 ( 0.585938 1.984375 ) 199 1
	vert 200 ( 0.562500 1.968750 ) 200 1
	vert 201 ( 0.421875 1.070312 ) 201 1
	vert 202 ( 0.515625 1.148438 ) 202 1
	vert 203 ( 0.304688 1.187500 ) 203 1
	vert 204 ( 0.179688 1.820313 ) 204 1
	vert 205 ( 0.296875 1.273438 ) 205 1
	vert 206 ( 0.695313 1.000000 ) 206 1
	vert 207 ( 0.562500 1.078125 ) 207 1
	vert 208 ( 0.578125 1.007812 ) 208 1
	vert 209 ( 0.531250 1.226563 ) 209 1
	vert 210 ( 0.414063 1.015625 ) 210 1
	vert 211 ( 0.617188 1.179688 ) 211 1
	vert 212 ( 0.343750 1.039062 ) 212 1
	vert 213 ( 0.554688 1.929688 ) 213 1
	vert 214 ( 0.421875 1.351563 ) 214 1
	vert 215 ( 0.484375 1.335938 ) 215 1
	vert 216 ( 0.562500 1.171875 ) 216 1
	vert 217 ( 0.367188 1.968750 ) 217 1
	vert 218 ( 0.609375 1.453125 ) 218 1
	vert 219 ( 0.609375 1.453125 ) 219 1
	vert 220 ( 0.367188 1.968750 ) 220 1
	vert 221 ( 0.460938 1.953125 ) 221 1
	vert 222 ( 0.414063 1.015625 ) 222 1
	vert 223 ( 0.343750 1.039062 ) 223 1
	vert 224 ( 0.562500 1.171875 ) 224 1
	vert 225 ( 0.617188 1.179688 ) 225 1
	vert 226 ( 0.562500 1.078125 ) 226 1
	vert 227 ( 0.320313 1.359375 ) 227 1
	vert 228 ( 0.265625 1.500000 ) 228 1
	vert 229 ( 0.156250 1.578125 ) 229 1
	vert 230 ( 0.187500 1.617188 ) 230 1
	vert 231 ( 0.492188 1.914063 ) 231 1
	vert 232 ( 0.554688 1.929688 ) 232 1
	vert 233 ( 0.523438 1.820313 ) 233 1
	vert 234 ( 0.289063 1.054687 ) 234 1
	vert 235 ( 0.632813 1.242188 ) 235 1
	vert 236 ( 0.476563 1.000000 ) 236 1
	vert 237 ( 0.695313 1.000000 ) 237 1
	vert 238 ( 0.250000 1.625000 ) 238 1
	vert 239 ( 0.578125 1.007812 ) 239 1
	vert 240 ( 0.265625 1.500000 ) 240 1
	vert 241 ( 0.156250 1.578125 ) 241 1
	vert 242 ( 0.250000 1.625000 ) 242 1
	vert 243 ( 0.515625 1.273438 ) 243 1
	vert 244 ( 0.273438 1.718750 ) 244 1
	vert 245 ( 0.242188 1.625000 ) 245 1
	vert 246 ( 0.179688 1.820313 ) 246 1
	vert 247 ( 0.132813 1.867188 ) 247 1
	vert 248 ( 0.148438 1.812500 ) 248 1
	vert 249 ( 0.164063 1.664063 ) 249 1
	vert 250 ( 0.007812 1.625000 ) 250 1
	vert 251 ( 0.789063 1.781250 ) 251 1
	vert 252 ( 0.851563 1.632813 ) 252 1
	vert 253 ( 0.695313 1.742188 ) 253 1
	vert 254 ( 0.445313 1.781250 ) 254 1
	vert 255 ( 0.390625 1.718750 ) 255 1
	vert 256 ( 0.078125 1.812500 ) 256 1
	vert 257 ( 0.156250 1.718750 ) 257 1
	vert 258 ( 0.562500 1.968750 ) 258 1
	vert 259 ( 0.585938 1.984375 ) 259 1
	vert 260 ( 0.585938 1.992188 ) 260 1
	vert 261 ( 0.992188 1.593750 ) 261 1
	vert 262 ( 0.929688 1.687500 ) 262 1
	vert 263 ( 0.421875 1.828125 ) 263 1
	vert 264 ( 0.812500 1.859375 ) 264 1
	vert 265 ( 0.937500 1.796875 ) 265 1
	vert 266 ( 0.171875 1.984375 ) 266 1
	vert 267 ( 0.648438 1.632813 ) 267 1
	vert 268 ( 0.039062 1.804688 ) 268 1
	vert 269 ( 0.554688 1.773438 ) 269 1
	vert 270 ( 0.117188 1.523438 ) 270 1
	vert 271 ( 0.500000 1.742188 ) 271 1
	vert 272 ( 0.046875 1.734375 ) 272 1
	vert 273 ( 0.593750 1.632813 ) 273 1
	vert 274 ( 0.554688 1.625000 ) 274 1
	vert 275 ( 0.476563 1.570313 ) 275 1
	vert 276 ( 0.468750 1.437500 ) 276 1
	vert 277 ( 0.312500 1.382813 ) 277 1
	vert 278 ( 0.304688 1.445313 ) 278 1
	vert 279 ( 0.359375 1.375000 ) 279 1
	vert 280 ( 0.453125 1.421875 ) 280 1
	vert 281 ( 0.414063 1.460938 ) 281 1
	vert 282 ( 0.398438 1.390625 ) 282 1
	vert 283 ( 0.351563 1.468750 ) 283 1
	vert 284 ( 0.218750 1.070312 ) 284 1
	vert 285 ( 0.507813 1.718750 ) 285 1
	vert 286 ( 0.093750 1.734375 ) 286 1
	vert 287 ( 0.789063 1.929688 ) 287 1
	vert 288 ( 0.867188 1.937500 ) 288 1
	vert 289 ( 0.914063 1.914063 ) 289 1
	vert 290 ( 0.585938 1.492188 ) 290 1
	vert 291 ( 0.593750 1.546875 ) 291 1
	vert 292 ( 0.320313 1.445313 ) 292 1
	vert 293 ( 0.335938 1.453125 ) 293 1
	vert 294 ( 0.554688 1.015625 ) 294 1

	numtris 356
	tri 0 0 2 1
	tri 1 3 5 4
	tri 2 6 4 5
	tri 3 7 9 8
	tri 4 10 12 11
	tri 5 13 15 14
	tri 6 16 18 17
	tri 7 19 14 20
	tri 8 18 21 17
	tri 9 22 16 23
	tri 10 16 17 23
	tri 11 24 26 25
	tri 12 26 27 25
	tri 13 20 14 7
	tri 14 28 7 14
	tri 15 29 31 30
	tri 16 31 32 30
	tri 17 14 10 28
	tri 18 15 10 14
	tri 19 33 9 28
	tri 20 34 35 32
	tri 21 7 28 9
	tri 22 35 30 32
	tri 23 35 34 36
	tri 24 34 37 36
	tri 25 29 30 38
	tri 26 30 39 38
	tri 27 31 41 40
	tri 28 42 44 43
	tri 29 44 46 45
	tri 30 42 47 44
	tri 31 47 46 44
	tri 32 48 47 42
	tri 33 35 49 30
	tri 34 11 33 28
	tri 35 49 39 30
	tri 36 28 10 11
	tri 37 49 35 50
	tri 38 35 36 50
	tri 39 12 10 51
	tri 40 52 12 51
	tri 41 53 55 54
	tri 42 56 57 53
	tri 43 53 57 55
	tri 44 56 58 57
	tri 45 59 57 58
	tri 46 60 57 59
	tri 47 59 61 60
	tri 48 62 54 55
	tri 49 54 62 63
	tri 50 64 66 65
	tri 51 65 66 67
	tri 52 53 54 67
	tri 53 66 53 67
	tri 54 68 55 57
	tri 55 68 57 60
	tri 56 58 69 59
	tri 57 69 61 59
	tri 58 63 70 54
	tri 59 67 54 70
	tri 60 65 67 70
	tri 61 71 65 70
	tri 62 72 69 58
	tri 63 73 69 72
	tri 64 74 75 66
	tri 65 76 72 75
	tri 66 77 65 71
	tri 67 78 80 79
	tri 68 78 79 81
	tri 69 82 83 79
	tri 70 82 79 84
	tri 71 85 73 72
	tri 72 86 87 79
	tri 73 86 79 88
	tri 74 89 88 79
	tri 75 89 79 80
	tri 76 50 90 49
	tri 77 91 92 4
	tri 78 93 95 94
	tri 79 1 96 0
	tri 80 97 91 98
	tri 81 91 4 98
	tri 82 93 99 95
	tri 83 100 102 101
	tri 84 45 103 44
	tri 85 103 43 44
	tri 86 43 103 104
	tri 87 99 102 100
	tri 88 93 105 99
	tri 89 105 102 99
	tri 90 106 27 107
	tri 91 108 109 96
	tri 92 96 109 0
	tri 93 93 107 105
	tri 94 105 107 27
	tri 95 47 48 110
	tri 96 48 37 110
	tri 97 111 109 108
	tri 98 107 112 106
	tri 99 1 114 113
	tri 100 1 113 96
	tri 101 115 96 116
	tri 102 117 115 116
	tri 103 113 116 96
	tri 104 115 119 118
	tri 105 120 118 119
	tri 106 90 121 49
	tri 107 115 122 119
	tri 108 123 125 124
	tri 109 125 126 124
	tri 110 6 100 127
	tri 111 100 128 127
	tri 112 129 131 130
	tri 113 131 132 130
	tri 114 133 132 110
	tri 115 134 136 135
	tri 116 137 135 136
	tri 117 134 135 117
	tri 118 135 115 117
	tri 119 115 135 122
	tri 120 138 31 40
	tri 121 62 139 63
	tri 122 98 4 140
	tri 123 109 141 0
	tri 124 107 93 142
	tri 125 143 116 144
	tri 126 92 3 4
	tri 127 114 144 113
	tri 128 113 144 116
	tri 129 132 131 110
	tri 130 132 133 145
	tri 131 133 146 145
	tri 132 119 122 147
	tri 133 146 138 145
	tri 134 138 148 145
	tri 135 135 149 122
	tri 136 150 151 61
	tri 137 61 151 60
	tri 138 145 152 132
	tri 139 130 132 152
	tri 140 153 139 62
	tri 141 140 154 98
	tri 142 98 154 97
	tri 143 34 133 37
	tri 144 133 110 37
	tri 145 133 34 146
	tri 146 34 32 146
	tri 147 31 138 32
	tri 148 138 146 32
	tri 149 26 102 27
	tri 150 155 157 156
	tri 151 158 156 159
	tri 152 156 158 155
	tri 153 102 105 27
	tri 154 75 72 56
	tri 155 72 58 56
	tri 156 158 160 155
	tri 157 66 75 53
	tri 158 75 56 53
	tri 159 161 163 162
	tri 160 164 166 165
	tri 161 125 165 166
	tri 162 167 169 168
	tri 163 170 171 169
	tri 164 172 8 9
	tri 165 171 172 169
	tri 166 173 169 172
	tri 167 169 173 174
	tri 168 168 169 174
	tri 169 33 173 9
	tri 170 172 9 173
	tri 171 31 175 41
	tri 172 42 43 176
	tri 173 176 178 177
	tri 174 8 180 179
	tri 175 8 179 7
	tri 176 42 176 181
	tri 177 181 176 177
	tri 178 48 42 181
	tri 179 20 7 179
	tri 180 11 173 33
	tri 181 174 11 12
	tri 182 173 11 174
	tri 183 12 182 174
	tri 184 52 182 12
	tri 185 21 184 183
	tri 186 17 21 185
	tri 187 21 183 185
	tri 188 17 185 23
	tri 189 186 23 185
	tri 190 187 186 185
	tri 191 186 187 188
	tri 192 189 183 184
	tri 193 184 190 189
	tri 194 191 192 18
	tri 195 156 193 159
	tri 196 157 194 193
	tri 197 156 157 193
	tri 198 195 193 194
	tri 199 192 196 18
	tri 200 21 196 184
	tri 201 197 195 194
	tri 202 193 198 159
	tri 203 198 200 199
	tri 204 18 196 21
	tri 205 201 185 183
	tri 206 201 187 185
	tri 207 193 195 198
	tri 208 23 186 202
	tri 209 202 186 188
	tri 210 190 184 203
	tri 211 204 95 99
	tri 212 95 204 5
	tri 213 204 6 5
	tri 214 100 6 99
	tri 215 204 99 6
	tri 216 196 203 184
	tri 217 192 203 196
	tri 218 205 203 192
	tri 219 22 23 202
	tri 220 13 14 19
	tri 221 206 208 207
	tri 222 209 22 202
	tri 223 10 15 51
	tri 224 40 206 138
	tri 225 148 138 206
	tri 226 148 206 207
	tri 227 46 47 131
	tri 228 47 110 131
	tri 229 151 210 60
	tri 230 60 210 68
	tri 231 68 210 55
	tri 232 207 211 148
	tri 233 211 145 148
	tri 234 145 211 152
	tri 235 55 212 62
	tri 236 212 153 62
	tri 237 154 213 97
	tri 238 214 18 16
	tri 239 215 16 22
	tri 240 216 211 207
	tri 241 210 212 55
	tri 242 217 140 4
	tri 243 131 129 46
	tri 244 127 217 4
	tri 245 129 218 46
	tri 246 45 46 218
	tri 247 6 127 4
	tri 248 125 166 126
	tri 249 178 219 177
	tri 250 90 177 219
	tri 251 126 166 220
	tri 252 50 177 90
	tri 253 220 166 221
	tri 254 222 183 223
	tri 255 224 226 225
	tri 256 227 205 192
	tri 257 228 230 229
	tri 258 231 233 232
	tri 259 223 189 234
	tri 260 183 189 223
	tri 261 39 235 225
	tri 262 225 38 39
	tri 263 226 38 225
	tri 264 201 183 222
	tri 265 187 201 222
	tri 266 236 187 222
	tri 267 181 50 36
	tri 268 177 50 181
	tri 269 38 226 237
	tri 270 38 237 29
	tri 271 175 29 237
	tri 272 174 182 168
	tri 273 228 238 230
	tri 274 237 226 239
	tri 275 167 170 169
	tri 276 240 230 241
	tri 277 240 242 230
	tri 278 243 22 209
	tri 279 244 230 245
	tri 280 246 125 247
	tri 281 123 247 125
	tri 282 246 165 125
	tri 283 248 165 246
	tri 284 246 247 248
	tri 285 244 249 230
	tri 286 250 230 249
	tri 287 250 229 230
	tri 288 251 253 252
	tri 289 254 166 255
	tri 290 256 257 248
	tri 291 96 163 161
	tri 292 253 259 258
	tri 293 251 260 253
	tri 294 261 262 252
	tri 295 233 263 254
	tri 296 254 263 166
	tri 297 252 262 251
	tri 298 264 251 265
	tri 299 265 251 262
	tri 300 264 260 251
	tri 301 256 248 247
	tri 302 123 266 24
	tri 303 178 176 267
	tri 304 267 176 43
	tri 305 43 104 267
	tri 306 247 123 24
	tri 307 256 247 25
	tri 308 25 247 24
	tri 309 106 268 27
	tri 310 108 96 269
	tri 311 269 96 161
	tri 312 256 25 268
	tri 313 25 27 268
	tri 314 181 36 48
	tri 315 48 36 37
	tri 316 171 270 172
	tri 317 271 108 269
	tri 318 268 106 272
	tri 319 163 274 273
	tri 320 8 172 270
	tri 321 8 270 180
	tri 322 163 96 274
	tri 323 115 275 96
	tri 324 276 275 115
	tri 325 274 96 275
	tri 326 115 118 277
	tri 327 278 277 118
	tri 328 115 277 279
	tri 329 280 282 281
	tri 330 283 281 282
	tri 331 280 276 282
	tri 332 282 276 115
	tri 333 115 279 282
	tri 334 29 175 31
	tri 335 189 190 284
	tri 336 263 221 166
	tri 337 285 269 161
	tri 338 268 286 256
	tri 339 287 289 288
	tri 340 290 291 275
	tri 341 255 166 164
	tri 342 273 274 291
	tri 343 264 289 287
	tri 344 287 260 264
	tri 345 289 264 265
	tri 346 274 275 291
	tri 347 277 292 279
	tri 348 282 279 293
	tri 349 294 188 236
	tri 350 188 187 236
	tri 351 39 49 235
	tri 352 121 235 49
	tri 353 263 233 231
	tri 354 221 263 231
	tri 355 234 189 284

	numweights 295
	weight 0 8 1.000000 ( -1134.952708 2206.320846 -1903.404137 )
	weight 1 8 1.000000 ( -1785.432688 1870.110885 -1805.568139 )
	weight 2 8 1.000000 ( -1574.512767 1073.760788 -2578.536156 )
	weight 3 8 1.000000 ( -2616.452708 277.820846 -1811.008141 )
	weight 4 8 1.000000 ( -3150.822581 671.460495 -807.005150 )
	weight 5 8 1.000000 ( -2411.872630 1177.830612 -1800.538140 )
	weight 6 8 1.000000 ( -2747.352610 1638.670456 -782.345116 )
	weight 7 1 1.000000 ( -1111.474422 -2721.492791 -1974.134188 )
	weight 8 1 1.000000 ( 97.202046 -2603.692986 -2356.513201 )
	weight 9 1 1.000000 ( 54.304646 -3271.692986 -1504.670153 )
	weight 10 1 1.000000 ( -1262.494441 -3363.593377 922.310621 )
	weight 11 1 1.000000 ( -41.547149 -3678.492791 511.110669 )
	weight 12 1 1.000000 ( -85.194446 -3429.593377 1473.950757 )
	weight 13 1 1.000000 ( -2453.424373 -2664.893181 -2.179125 )
	weight 14 1 1.000000 ( -1897.894466 -3029.593377 -596.969287 )
	weight 15 1 1.000000 ( -2027.644466 -2904.192986 998.090650 )
	weight 16 4 1.000000 ( 269.912988 669.758898 221.612138 )
	weight 17 4 1.000000 ( 237.528609 85.285676 214.065779 )
	weight 18 4 1.000000 ( 310.592643 640.702568 -209.414032 )
	weight 19 1 1.000000 ( -2366.274470 -2431.792595 -1075.399218 )
	weight 20 1 1.000000 ( -1838.474422 -2227.192986 -1983.095187 )
	weight 21 4 1.000000 ( 265.969121 -6.393978 -125.481038 )
	weight 22 4 1.000000 ( -153.763334 664.346846 317.761348 )
	weight 23 4 1.000000 ( -98.076022 83.842769 283.204568 )
	weight 24 8 1.000000 ( 208.034246 3213.080612 -124.235131 )
	weight 25 8 1.000000 ( 183.265249 2870.150436 -1415.478112 )
	weight 26 8 1.000000 ( -506.424754 3071.270553 -677.485131 )
	weight 27 8 1.000000 ( -427.516764 2858.810592 -1460.948083 )
	weight 28 1 1.000000 ( -990.404475 -3474.992791 -567.849169 )
	weight 29 1 1.000000 ( 1187.355534 -2713.593377 2232.580884 )
	weight 30 1 1.000000 ( 1334.205510 -1812.032830 2891.370923 )
	weight 31 1 1.000000 ( -127.009456 -2819.893181 2434.830884 )
	weight 32 1 1.000000 ( -155.714442 -1916.542595 3144.630689 )
	weight 33 1 1.000000 ( 4.817849 -3639.992791 -480.339282 )
	weight 34 1 1.000000 ( -167.801463 -883.142205 3511.120923 )
	weight 35 1 1.000000 ( 1334.365544 -785.082634 3252.170728 )
	weight 36 1 1.000000 ( 1200.265569 298.077522 3298.640455 )
	weight 37 1 1.000000 ( -163.588466 210.077522 3533.830884 )
	weight 38 1 1.000000 ( 2291.065617 -2420.593377 1499.740796 )
	weight 39 1 1.000000 ( 2550.485539 -1521.312127 2041.270826 )
	weight 40 1 1.000000 ( -1167.984431 -3062.192986 1761.470777 )
	weight 41 1 1.000000 ( -110.447459 -3120.192986 2048.160474 )
	weight 42 8 1.000000 ( -603.984812 2973.260788 1496.264869 )
	weight 43 8 1.000000 ( -582.536814 3189.420456 368.144752 )
	weight 44 8 1.000000 ( -1552.412669 2754.050827 1049.384742 )
	weight 45 8 1.000000 ( -2072.052806 2547.510788 123.734840 )
	weight 46 8 1.000000 ( -2441.992747 1971.070846 1411.104957 )
	weight 47 8 1.000000 ( -1628.042674 2205.830612 2176.384742 )
	weight 48 8 1.000000 ( -560.103770 2426.830612 2491.494605 )
	weight 49 1 1.000000 ( 2561.105412 -497.393181 2392.150709 )
	weight 50 1 1.000000 ( 2315.095647 555.337287 2517.040845 )
	weight 51 1 1.000000 ( -1167.984431 -3062.192986 1761.470777 )
	weight 52 1 1.000000 ( -110.447459 -3120.192986 2048.160474 )
	weight 53 7 1.000000 ( -292.016784 21.669136 30.904463 )
	weight 54 6 1.000000 ( 6.763970 784.011921 -233.901565 )
	weight 55 6 1.000000 ( -390.486908 251.011673 -127.327061 )
	weight 56 7 1.000000 ( -80.623584 165.496719 274.083996 )
	weight 57 6 1.000000 ( -211.089132 913.004872 243.010335 )
	weight 58 7 1.000000 ( 239.079691 112.655979 162.666206 )
	weight 59 6 1.000000 ( 133.840690 926.005039 284.976572 )
	weight 60 6 1.000000 ( 149.700311 198.998771 359.461567 )
	weight 61 6 1.000000 ( 333.659214 242.999427 -52.396615 )
	weight 62 6 1.000000 ( 3.081640 274.007598 -349.060074 )
	weight 63 6 1.000000 ( 333.659214 242.999427 -52.396615 )
	weight 64 7 1.000000 ( -705.634548 1402.973771 -868.557072 )
	weight 65 7 1.000000 ( -87.191159 511.632888 -515.221684 )
	weight 66 7 1.000000 ( -331.012594 639.802576 -179.247204 )
	weight 67 7 1.000000 ( -84.588453 125.947901 -273.641160 )
	weight 68 6 1.000000 ( -300.073348 201.000886 310.471004 )
	weight 69 7 1.000000 ( 226.726226 -61.337817 -138.148234 )
	weight 70 7 1.000000 ( 226.726226 -61.337817 -138.148234 )
	weight 71 7 1.000000 ( 329.835869 529.785523 -393.642752 )
	weight 72 7 1.000000 ( 343.411981 668.636153 16.757682 )
	weight 73 7 1.000000 ( 329.835869 529.785523 -393.642752 )
	weight 74 7 1.000000 ( -253.826736 1549.865001 -124.622859 )
	weight 75 7 1.000000 ( -64.677081 737.212669 149.185542 )
	weight 76 7 1.000000 ( 298.005675 1491.889467 169.883363 )
	weight 77 7 1.000000 ( 440.597481 960.033466 -921.014746 )
	weight 78 7 1.000000 ( -253.826736 1549.865001 -124.622859 )
	weight 79 7 1.000000 ( 25.963241 607.385423 -215.809335 )
	weight 80 7 1.000000 ( -331.012594 639.802576 -179.247204 )
	weight 81 7 1.000000 ( -64.677081 737.212669 149.185542 )
	weight 82 7 1.000000 ( 298.005675 1491.889467 169.883363 )
	weight 83 7 1.000000 ( -64.677081 737.212669 149.185542 )
	weight 84 7 1.000000 ( 343.411981 668.636153 16.757682 )
	weight 85 7 1.000000 ( 25.963241 607.385423 -215.809335 )
	weight 86 7 1.000000 ( 440.597481 960.033466 -921.014746 )
	weight 87 7 1.000000 ( 329.835869 529.785523 -393.642752 )
	weight 88 7 1.000000 ( -87.191159 511.632888 -515.221684 )
	weight 89 7 1.000000 ( -705.634548 1402.973771 -868.557072 )
	weight 90 1 1.000000 ( 2955.685490 927.737190 1354.260816 )
	weight 91 1 1.000000 ( -3126.284480 185.807014 -1187.322131 )
	weight 92 1 1.000000 ( -2668.304500 745.867561 -1741.561175 )
	weight 93 8 1.000000 ( -1134.952708 2206.320846 -1903.404137 )
	weight 94 8 1.000000 ( -1574.512767 1073.760788 -2578.536156 )
	weight 95 8 1.000000 ( -1785.432688 1870.110885 -1805.568139 )
	weight 96 8 1.000000 ( -148.324763 1172.670456 -1111.035180 )
	weight 97 1 1.000000 ( -3227.614314 -672.523064 -798.799121 )
	weight 98 1 1.000000 ( -3220.874324 422.297248 -636.689257 )
	weight 99 8 1.000000 ( -1753.782664 2353.640670 -1326.046105 )
	weight 100 8 1.000000 ( -2020.172679 2456.560592 -611.965233 )
	weight 101 8 1.000000 ( -2072.052806 2547.510788 123.734840 )
	weight 102 8 1.000000 ( -1279.912669 2950.390670 -202.865136 )
	weight 103 8 1.000000 ( -1279.912669 2950.390670 -202.865136 )
	weight 104 8 1.000000 ( -506.424754 3071.270553 -677.485131 )
	weight 105 8 1.000000 ( -1007.682750 2659.900436 -1478.409081 )
	weight 106 8 1.000000 ( -332.638774 2464.420456 -1938.810128 )
	weight 107 8 1.000000 ( -693.517771 2384.190475 -1942.025139 )
	weight 108 8 1.000000 ( -332.638774 2464.420456 -1938.810128 )
	weight 109 8 1.000000 ( -693.517771 2384.190475 -1942.025139 )
	weight 110 1 1.000000 ( -1499.774470 311.097541 3172.880689 )
	weight 111 8 1.000000 ( -494.394786 1739.400436 -2555.399163 )
	weight 112 8 1.000000 ( -494.394786 1739.400436 -2555.399163 )
	weight 113 8 1.000000 ( -2347.722728 1262.930709 -1143.628075 )
	weight 114 8 1.000000 ( -2411.872630 1177.830612 -1800.538140 )
	weight 115 1 1.000000 ( -28.506351 -332.172478 577.540845 )
	weight 116 1 1.000000 ( -2059.634334 672.337287 163.750806 )
	weight 117 1 1.000000 ( -2668.304500 745.867561 -1741.561175 )
	weight 118 1 1.000000 ( 133.705548 1603.297248 -2704.735217 )
	weight 119 1 1.000000 ( -539.051448 1595.787483 -2791.030200 )
	weight 120 1 1.000000 ( -150.841457 2317.117561 -2260.397204 )
	weight 121 1 1.000000 ( 3226.025578 -78.312615 1120.410718 )
	weight 122 1 1.000000 ( -1178.204524 1478.037483 -2686.085192 )
	weight 123 8 1.000000 ( 1110.117238 3009.200241 -446.565209 )
	weight 124 8 1.000000 ( 1052.337209 3099.110885 288.834693 )
	weight 125 8 1.000000 ( 2086.257253 2492.030807 -526.935204 )
	weight 126 8 1.000000 ( 2010.657155 2626.090866 609.794898 )
	weight 127 8 1.000000 ( -2838.692698 1769.960495 353.544898 )
	weight 128 8 1.000000 ( -2072.052806 2547.510788 123.734840 )
	weight 129 1 1.000000 ( -3060.714412 956.747444 1074.030835 )
	weight 130 1 1.000000 ( -3317.804500 -46.762810 815.610669 )
	weight 131 1 1.000000 ( -2534.594295 578.717170 2291.150709 )
	weight 132 1 1.000000 ( -2778.044490 -471.642205 2143.460767 )
	weight 133 1 1.000000 ( -1639.374446 -770.742791 3113.660474 )
	weight 134 1 1.000000 ( -2446.304500 920.267463 -1954.595187 )
	weight 135 1 1.000000 ( -1767.074397 1254.557502 -2403.424212 )
	weight 136 1 1.000000 ( -2261.054500 1663.367561 -1685.352160 )
	weight 137 1 1.000000 ( -1602.424373 2350.387580 -1698.301165 )
	weight 138 1 1.000000 ( -1416.794368 -2700.992791 2111.280591 )
	weight 139 1 1.000000 ( -3317.804500 -46.762810 815.610669 )
	weight 140 1 1.000000 ( -3317.804500 -46.762810 815.610669 )
	weight 141 8 1.000000 ( -988.392710 1544.590866 -2523.790154 )
	weight 142 8 1.000000 ( -988.392710 1544.590866 -2523.790154 )
	weight 143 1 1.000000 ( -2668.304500 745.867561 -1741.561175 )
	weight 144 8 1.000000 ( -2616.452708 277.820846 -1811.008141 )
	weight 145 1 1.000000 ( -2744.714412 -1495.782830 1794.640699 )
	weight 146 1 1.000000 ( -1615.564387 -1797.802361 2753.970533 )
	weight 147 1 1.000000 ( -660.188472 2311.297248 -2179.548396 )
	weight 148 1 1.000000 ( -2444.744441 -2397.692986 1279.160718 )
	weight 149 1 1.000000 ( -1147.864436 2297.507209 -1984.573184 )
	weight 150 1 1.000000 ( -3317.804500 -46.762810 815.610669 )
	weight 151 1 1.000000 ( -3127.904597 -529.802361 1438.340650 )
	weight 152 1 1.000000 ( -3127.904597 -529.802361 1438.340650 )
	weight 153 1 1.000000 ( -3315.994441 -398.032830 331.990796 )
	weight 154 1 1.000000 ( -3315.994441 -398.032830 331.990796 )
	weight 155 1 1.000000 ( -1823.244441 765.537483 -2301.156207 )
	weight 156 1 1.000000 ( -1532.984431 584.897346 -2662.576220 )
	weight 157 1 1.000000 ( -2000.174373 319.597541 -2438.977221 )
	weight 158 1 1.000000 ( -1376.504451 840.887580 -2578.229174 )
	weight 159 1 1.000000 ( -519.902461 1008.597541 -2747.098254 )
	weight 160 1 1.000000 ( -1621.264461 853.997444 -2351.376208 )
	weight 161 8 1.000000 ( 500.509267 2495.050827 -1816.985161 )
	weight 162 8 1.000000 ( 1366.957204 1593.060592 -2423.105126 )
	weight 163 8 1.000000 ( 1213.077199 2399.480514 -1647.124108 )
	weight 164 8 1.000000 ( 2533.817067 1187.080612 -1538.862084 )
	weight 165 8 1.000000 ( 2034.257253 1962.780807 -1565.599145 )
	weight 166 8 1.000000 ( 2796.037282 1721.360885 -492.765160 )
	weight 167 1 1.000000 ( 2416.235539 -2688.393181 224.640699 )
	weight 168 1 1.000000 ( 1897.045476 -2923.093377 1180.900953 )
	weight 169 1 1.000000 ( 1914.925481 -3047.992791 -419.379199 )
	weight 170 1 1.000000 ( 2431.475530 -2454.893181 -851.929248 )
	weight 171 1 1.000000 ( 1992.325505 -2245.692986 -1804.666186 )
	weight 172 1 1.000000 ( 1262.915471 -2732.992791 -1863.540179 )
	weight 173 1 1.000000 ( 1004.408574 -3484.593377 -474.929248 )
	weight 174 1 1.000000 ( 1137.875554 -3375.192986 1034.110669 )
	weight 175 1 1.000000 ( 968.672612 -3072.492791 1860.990796 )
	weight 176 8 1.000000 ( 401.686269 3099.040573 1152.644752 )
	weight 177 8 1.000000 ( 1463.247243 2660.530807 1617.464820 )
	weight 178 8 1.000000 ( 1052.337209 3099.110885 288.834693 )
	weight 179 1 1.000000 ( -944.109492 -2112.792595 -2581.409197 )
	weight 180 1 1.000000 ( 118.335545 -2078.692986 -2755.900195 )
	weight 181 8 1.000000 ( 544.376271 2589.360885 2291.174781 )
	weight 182 1 1.000000 ( 968.672612 -3072.492791 1860.990796 )
	weight 183 3 1.000000 ( 373.870093 251.000123 -169.356292 )
	weight 184 3 1.000000 ( -32.824622 784.005461 -230.669832 )
	weight 185 3 1.000000 ( 237.190605 913.001653 218.771208 )
	weight 186 3 1.000000 ( -100.849011 926.002488 299.194714 )
	weight 187 3 1.000000 ( -108.249333 198.999254 374.989160 )
	weight 188 3 1.000000 ( -337.288383 242.997467 -13.615238 )
	weight 189 3 1.000000 ( -42.097660 274.004324 -345.514406 )
	weight 190 3 1.000000 ( -337.288383 242.997467 -13.615238 )
	weight 191 4 1.000000 ( 424.527796 1526.170423 -842.574897 )
	weight 192 4 1.000000 ( -88.395920 618.097042 -379.849258 )
	weight 193 1 1.000000 ( -1476.694392 255.827522 -2787.449206 )
	weight 194 1 1.000000 ( -2015.184383 -115.812615 -2548.812213 )
	weight 195 1 1.000000 ( -1769.404475 -368.893181 -2714.840197 )
	weight 196 4 1.000000 ( -42.328547 185.019451 -247.793872 )
	weight 197 1 1.000000 ( -2239.904597 -539.312127 -2410.521197 )
	weight 198 1 1.000000 ( -1121.844417 51.677620 -2883.131213 )
	weight 199 1 1.000000 ( -519.902461 1008.597541 -2747.098254 )
	weight 200 1 1.000000 ( -423.927486 905.457405 -2733.498217 )
	weight 201 3 1.000000 ( 333.176320 201.000462 275.813210 )
	weight 202 4 1.000000 ( -272.157621 -9.066798 -3.131292 )
	weight 203 4 1.000000 ( -272.157621 -9.066798 -3.131292 )
	weight 204 8 1.000000 ( -2131.712718 1753.590866 -1617.421105 )
	weight 205 4 1.000000 ( -375.276326 632.933437 -53.509031 )
	weight 206 1 1.000000 ( -2027.644466 -2904.192986 998.090650 )
	weight 207 1 1.000000 ( -2959.374324 -2012.393181 95.410718 )
	weight 208 1 1.000000 ( -2453.424373 -2664.893181 -2.179125 )
	weight 209 4 1.000000 ( -375.276326 632.933437 -53.509031 )
	weight 210 1 1.000000 ( -3177.054500 -1189.023064 1157.340650 )
	weight 211 1 1.000000 ( -3177.054500 -1189.023064 1157.340650 )
	weight 212 1 1.000000 ( -3307.034480 -1089.952752 476.410718 )
	weight 213 1 1.000000 ( -3307.034480 -1089.952752 476.410718 )
	weight 214 4 1.000000 ( 446.045013 1510.607578 39.709619 )
	weight 215 4 1.000000 ( 118.106617 1417.383408 567.320699 )
	weight 216 1 1.000000 ( -3307.034480 -1089.952752 476.410718 )
	weight 217 1 1.000000 ( -3060.714412 956.747444 1074.030835 )
	weight 218 8 1.000000 ( -2838.692698 1769.960495 353.544898 )
	weight 219 8 1.000000 ( 2010.657155 2626.090866 609.794898 )
	weight 220 1 1.000000 ( 2955.685490 927.737190 1354.260816 )
	weight 221 1 1.000000 ( 3226.025578 -78.312615 1120.410718 )
	weight 222 1 1.000000 ( 3043.125432 -1219.012322 1447.060621 )
	weight 223 1 1.000000 ( 3236.785588 -1121.502556 781.200757 )
	weight 224 1 1.000000 ( 3236.785588 -1121.502556 781.200757 )
	weight 225 1 1.000000 ( 3043.125432 -1219.012322 1447.060621 )
	weight 226 1 1.000000 ( 2917.185490 -2040.792595 369.130689 )
	weight 227 4 1.000000 ( -652.273046 1188.740182 -353.265829 )
	weight 228 4 1.000000 ( 446.045013 1510.607578 39.709619 )
	weight 229 4 1.000000 ( 310.592643 640.702568 -209.414032 )
	weight 230 4 1.000000 ( -14.883865 642.595793 -54.870721 )
	weight 231 1 1.000000 ( 3265.795598 -429.773064 638.550855 )
	weight 232 1 1.000000 ( 3236.785588 -1121.502556 781.200757 )
	weight 233 1 1.000000 ( 3280.255559 -703.902947 -495.679248 )
	weight 234 1 1.000000 ( 3265.795598 -429.773064 638.550855 )
	weight 235 1 1.000000 ( 2974.415471 -559.233025 1722.570630 )
	weight 236 1 1.000000 ( 2974.415471 -559.233025 1722.570630 )
	weight 237 1 1.000000 ( 1897.045476 -2923.093377 1180.900953 )
	weight 238 4 1.000000 ( 269.912988 669.758898 221.612138 )
	weight 239 1 1.000000 ( 2416.235539 -2688.393181 224.640699 )
	weight 240 4 1.000000 ( 118.106617 1417.383408 567.320699 )
	weight 241 4 1.000000 ( 269.912988 669.758898 221.612138 )
	weight 242 4 1.000000 ( -153.763334 664.346846 317.761348 )
	weight 243 4 1.000000 ( -14.883865 642.595793 -54.870721 )
	weight 244 4 1.000000 ( -652.273046 1188.740182 -353.265829 )
	weight 245 4 1.000000 ( -375.276326 632.933437 -53.509031 )
	weight 246 8 1.000000 ( 1557.167165 2404.850631 -1422.497094 )
	weight 247 8 1.000000 ( 969.365285 2834.400436 -1182.152123 )
	weight 248 8 1.000000 ( 1213.077199 2399.480514 -1647.124108 )
	weight 249 4 1.000000 ( -88.395920 618.097042 -379.849258 )
	weight 250 4 1.000000 ( 424.527796 1526.170423 -842.574897 )
	weight 251 1 1.000000 ( 1730.785466 240.367561 -2638.052233 )
	weight 252 1 1.000000 ( 2009.455510 -387.112908 -2538.830218 )
	weight 253 1 1.000000 ( 1384.415471 39.597541 -2766.396228 )
	weight 254 1 1.000000 ( 3223.755559 155.187385 -891.549243 )
	weight 255 1 1.000000 ( 2824.675481 719.387580 -1485.711169 )
	weight 256 8 1.000000 ( 500.509267 2495.050827 -1816.985161 )
	weight 257 8 1.000000 ( 1366.957204 1593.060592 -2423.105126 )
	weight 258 1 1.000000 ( 683.858586 900.117561 -2681.900195 )
	weight 259 1 1.000000 ( 781.671574 1002.317268 -2686.474230 )
	weight 260 1 1.000000 ( 781.671574 1002.317268 -2686.474230 )
	weight 261 1 1.000000 ( 2447.965520 -561.912713 -2192.171992 )
	weight 262 1 1.000000 ( 2241.155461 -136.332634 -2350.562213 )
	weight 263 1 1.000000 ( 3269.015569 390.997444 -334.399218 )
	weight 264 1 1.000000 ( 1778.385564 568.937385 -2508.341204 )
	weight 265 1 1.000000 ( 2220.195500 299.247444 -2242.403201 )
	weight 266 8 1.000000 ( 1052.337209 3099.110885 288.834693 )
	weight 267 8 1.000000 ( 208.034246 3213.080612 -124.235131 )
	weight 268 8 1.000000 ( 31.277343 2512.150436 -1903.726128 )
	weight 269 8 1.000000 ( 31.277343 2512.150436 -1903.726128 )
	weight 270 1 1.000000 ( 1158.585515 -2122.893181 -2483.471209 )
	weight 271 8 1.000000 ( 128.123250 1849.300338 -2522.505120 )
	weight 272 8 1.000000 ( 128.123250 1849.300338 -2522.505120 )
	weight 273 8 1.000000 ( 2034.257253 1962.780807 -1565.599145 )
	weight 274 8 1.000000 ( 1878.117238 2008.990768 -920.325219 )
	weight 275 1 1.000000 ( 2040.865544 652.567268 354.740796 )
	weight 276 1 1.000000 ( 2824.675481 719.387580 -1485.711169 )
	weight 277 1 1.000000 ( 810.469609 1589.277229 -2728.173205 )
	weight 278 1 1.000000 ( 381.575536 2314.547248 -2235.599192 )
	weight 279 1 1.000000 ( 1435.935490 1465.437385 -2564.325213 )
	weight 280 1 1.000000 ( 2625.135442 895.807014 -1718.380175 )
	weight 281 1 1.000000 ( 2422.815373 1640.787483 -1467.189196 )
	weight 282 1 1.000000 ( 1993.805486 1236.427131 -2228.251200 )
	weight 283 1 1.000000 ( 1774.875554 2334.107307 -1540.995166 )
	weight 284 1 1.000000 ( 3226.025578 -78.312615 1120.410718 )
	weight 285 8 1.000000 ( 652.966298 1834.370651 -2437.058160 )
	weight 286 8 1.000000 ( 652.966298 1834.370651 -2437.058160 )
	weight 287 1 1.000000 ( 1617.215520 826.457405 -2438.788195 )
	weight 288 1 1.000000 ( 1839.945500 837.307014 -2190.161990 )
	weight 289 1 1.000000 ( 2035.525456 746.927131 -2121.424224 )
	weight 290 1 1.000000 ( 2824.675481 719.387580 -1485.711169 )
	weight 291 8 1.000000 ( 2533.817067 1187.080612 -1538.862084 )
	weight 292 1 1.000000 ( 881.122563 2303.867561 -2107.757844 )
	weight 293 1 1.000000 ( 1348.405461 2285.477424 -1868.303179 )
	weight 294 1 1.000000 ( 3226.025578 -78.312615 1120.410718 )
}

mesh {
	shader "bomb_2"

	numverts 294
	vert 0 ( 0.890625 2.429690 ) 0 1
	vert 1 ( 0.812500 2.468750 ) 1 1
	vert 2 ( 0.906250 2.468750 ) 2 1
	vert 3 ( 0.820313 2.398440 ) 3 1
	vert 4 ( 0.773438 2.429690 ) 4 1
	vert 5 ( 0.765625 2.375000 ) 5 1
	vert 6 ( 0.859375 2.500000 ) 6 1
	vert 7 ( 0.828125 2.625000 ) 7 1
	vert 8 ( 0.929688 2.687500 ) 8 1
	vert 9 ( 0.867188 2.562500 ) 9 1
	vert 10 ( 0.789063 2.687500 ) 10 1
	vert 11 ( 0.882813 2.734380 ) 11 1
	vert 12 ( 0.945313 2.335940 ) 12 1
	vert 13 ( 0.921875 2.437500 ) 13 1
	vert 14 ( 0.835938 2.507810 ) 14 1
	vert 15 ( 0.828125 2.531250 ) 15 1
	vert 16 ( 0.804688 2.554690 ) 16 1
	vert 17 ( 0.734375 2.640630 ) 17 1
	vert 18 ( 0.773438 2.632810 ) 18 1
	vert 19 ( 0.765625 2.585940 ) 19 1
	vert 20 ( 0.742188 2.546880 ) 20 1
	vert 21 ( 0.718750 2.085940 ) 21 1
	vert 22 ( 0.671875 2.062500 ) 22 1
	vert 23 ( 0.648438 2.117190 ) 23 1
	vert 24 ( 0.492188 2.117190 ) 24 1
	vert 25 ( 0.507813 2.085940 ) 25 1
	vert 26 ( 0.546875 2.156250 ) 26 1
	vert 27 ( 0.570313 2.578130 ) 27 1
	vert 28 ( 0.539063 2.539060 ) 28 1
	vert 29 ( 0.562500 2.664060 ) 29 1
	vert 30 ( 0.984375 2.648440 ) 30 1
	vert 31 ( 0.968750 2.539060 ) 31 1
	vert 32 ( 0.679688 2.695310 ) 32 1
	vert 33 ( 0.742188 2.742190 ) 33 1
	vert 34 ( 0.726563 2.640630 ) 34 1
	vert 35 ( 0.500000 2.492190 ) 35 1
	vert 36 ( 0.828125 2.781250 ) 36 1
	vert 37 ( 0.593750 2.500000 ) 37 1
	vert 38 ( 0.382813 2.125000 ) 38 1
	vert 39 ( 0.523438 2.382810 ) 39 1
	vert 40 ( 0.437500 2.328130 ) 40 1
	vert 41 ( 0.664063 2.359380 ) 41 1
	vert 42 ( 0.554688 2.281250 ) 42 1
	vert 43 ( 0.656250 2.218750 ) 43 1
	vert 44 ( 0.726563 2.125000 ) 44 1
	vert 45 ( 0.820313 2.179690 ) 45 1
	vert 46 ( 0.921875 2.242190 ) 46 1
	vert 47 ( 0.773438 2.343750 ) 47 1
	vert 48 ( 0.335938 2.015630 ) 48 1
	vert 49 ( 0.429688 2.054690 ) 49 1
	vert 50 ( 0.367188 2.015630 ) 50 1
	vert 51 ( 0.351563 2.070310 ) 51 1
	vert 52 ( 0.773438 2.234380 ) 52 1
	vert 53 ( 0.718750 2.351560 ) 53 1
	vert 54 ( 0.867188 2.062500 ) 54 1
	vert 55 ( 0.437500 2.031250 ) 55 1
	vert 56 ( 0.679688 2.000000 ) 56 1
	vert 57 ( 0.531250 2.039060 ) 57 1
	vert 58 ( 0.703125 2.046880 ) 58 1
	vert 59 ( 0.734375 2.015630 ) 59 1
	vert 60 ( 0.781250 2.023440 ) 60 1
	vert 61 ( 0.359375 2.164060 ) 61 1
	vert 62 ( 0.125000 2.187500 ) 62 1
	vert 63 ( 0.296875 2.023440 ) 63 1
	vert 64 ( 0.125000 2.187500 ) 64 1
	vert 65 ( 0.359375 2.164060 ) 65 1
	vert 66 ( 0.296875 2.023440 ) 66 1
	vert 67 ( 0.976563 2.710940 ) 67 1
	vert 68 ( 0.976563 2.984380 ) 68 1
	vert 69 ( 0.781250 2.906250 ) 69 1
	vert 70 ( 0.984375 2.109380 ) 70 1
	vert 71 ( 0.867188 2.062500 ) 71 1
	vert 72 ( 0.984375 2.109380 ) 72 1
	vert 73 ( 0.820313 2.179690 ) 73 1
	vert 74 ( 0.921875 2.242190 ) 74 1
	vert 75 ( 0.250000 2.039060 ) 75 1
	vert 76 ( 0.007812 2.015630 ) 76 1
	vert 77 ( 0.070312 2.203130 ) 77 1
	vert 78 ( 0.976563 2.710940 ) 78 1
	vert 79 ( 0.976563 2.984380 ) 79 1
	vert 80 ( 0.781250 2.906250 ) 80 1
	vert 81 ( 0.976563 2.984380 ) 81 1
	vert 82 ( 0.976563 2.710940 ) 82 1
	vert 83 ( 0.781250 2.906250 ) 83 1
	vert 84 ( 0.726563 2.125000 ) 84 1
	vert 85 ( 0.781250 2.023440 ) 85 1
	vert 86 ( 0.703125 2.046880 ) 86 1
	vert 87 ( 0.671875 2.062500 ) 87 1
	vert 88 ( 0.734375 2.015630 ) 88 1
	vert 89 ( 0.679688 2.000000 ) 89 1
	vert 90 ( 0.507813 2.085940 ) 90 1
	vert 91 ( 0.437500 2.031250 ) 91 1
	vert 92 ( 0.531250 2.039060 ) 92 1
	vert 93 ( 0.429688 2.054690 ) 93 1
	vert 94 ( 0.367188 2.015630 ) 94 1
	vert 95 ( 0.773438 2.234380 ) 95 1
	vert 96 ( 0.656250 2.218750 ) 96 1
	vert 97 ( 0.664063 2.359380 ) 97 1
	vert 98 ( 0.718750 2.351560 ) 98 1
	vert 99 ( 0.773438 2.343750 ) 99 1
	vert 100 ( 0.335938 2.015630 ) 100 1
	vert 101 ( 0.351563 2.070310 ) 101 1
	vert 102 ( 0.382813 2.125000 ) 102 1
	vert 103 ( 0.492188 2.117190 ) 103 1
	vert 104 ( 0.125000 2.187500 ) 104 1
	vert 105 ( 0.359375 2.164060 ) 105 1
	vert 106 ( 0.296875 2.023440 ) 106 1
	vert 107 ( 0.070312 2.203130 ) 107 1
	vert 108 ( 0.007812 2.015630 ) 108 1
	vert 109 ( 0.250000 2.039060 ) 109 1
	vert 110 ( 0.820313 2.398440 ) 110 1
	vert 111 ( 0.765625 2.375000 ) 111 1
	vert 112 ( 0.554688 2.281250 ) 112 1
	vert 113 ( 0.523438 2.382810 ) 113 1
	vert 114 ( 0.593750 2.500000 ) 114 1
	vert 115 ( 0.539063 2.539060 ) 115 1
	vert 116 ( 0.125000 2.187500 ) 116 1
	vert 117 ( 0.296875 2.023440 ) 117 1
	vert 118 ( 0.359375 2.164060 ) 118 1
	vert 119 ( 0.250000 2.039060 ) 119 1
	vert 120 ( 0.070312 2.203130 ) 120 1
	vert 121 ( 0.007812 2.015630 ) 121 1
	vert 122 ( 0.976563 2.710940 ) 122 1
	vert 123 ( 0.781250 2.906250 ) 123 1
	vert 124 ( 0.976563 2.984380 ) 124 1
	vert 125 ( 0.546875 2.156250 ) 125 1
	vert 126 ( 0.570313 2.578130 ) 126 1
	vert 127 ( 0.648438 2.117190 ) 127 1
	vert 128 ( 0.007812 2.015630 ) 128 1
	vert 129 ( 0.250000 2.039060 ) 129 1
	vert 130 ( 0.070312 2.203130 ) 130 1
	vert 131 ( 0.296875 2.023440 ) 131 1
	vert 132 ( 0.125000 2.187500 ) 132 1
	vert 133 ( 0.359375 2.164060 ) 133 1
	vert 134 ( 0.250000 2.039060 ) 134 1
	vert 135 ( 0.070312 2.203130 ) 135 1
	vert 136 ( 0.007812 2.015630 ) 136 1
	vert 137 ( 0.976563 2.710940 ) 137 1
	vert 138 ( 0.976563 2.984380 ) 138 1
	vert 139 ( 0.781250 2.906250 ) 139 1
	vert 140 ( 0.773438 2.632810 ) 140 1
	vert 141 ( 0.765625 2.585940 ) 141 1
	vert 142 ( 0.828125 2.625000 ) 142 1
	vert 143 ( 0.867188 2.562500 ) 143 1
	vert 144 ( 0.804688 2.554690 ) 144 1
	vert 145 ( 0.406250 2.742190 ) 145 1
	vert 146 ( 0.539063 2.984380 ) 146 1
	vert 147 ( 0.406250 2.968750 ) 147 1
	vert 148 ( 0.578125 2.750000 ) 148 1
	vert 149 ( 0.242188 2.484380 ) 149 1
	vert 150 ( 0.414063 2.718750 ) 150 1
	vert 151 ( 0.273438 2.718750 ) 151 1
	vert 152 ( 0.421875 2.484380 ) 152 1
	vert 153 ( 0.406250 2.218750 ) 153 1
	vert 154 ( 0.242188 2.460940 ) 154 1
	vert 155 ( 0.398438 2.453130 ) 155 1
	vert 156 ( 0.234375 2.218750 ) 156 1
	vert 157 ( 0.218750 2.750000 ) 157 1
	vert 158 ( 0.390625 2.984380 ) 158 1
	vert 159 ( 0.234375 2.992190 ) 159 1
	vert 160 ( 0.382813 2.750000 ) 160 1
	vert 161 ( 0.382813 2.750000 ) 161 1
	vert 162 ( 0.234375 2.992190 ) 162 1
	vert 163 ( 0.390625 2.984380 ) 163 1
	vert 164 ( 0.218750 2.750000 ) 164 1
	vert 165 ( 0.421875 2.484380 ) 165 1
	vert 166 ( 0.273438 2.718750 ) 166 1
	vert 167 ( 0.414063 2.718750 ) 167 1
	vert 168 ( 0.242188 2.484380 ) 168 1
	vert 169 ( 0.734375 2.640630 ) 169 1
	vert 170 ( 0.742188 2.546880 ) 170 1
	vert 171 ( 0.828125 2.531250 ) 171 1
	vert 172 ( 0.859375 2.500000 ) 172 1
	vert 173 ( 0.835938 2.507810 ) 173 1
	vert 174 ( 0.812500 2.468750 ) 174 1
	vert 175 ( 0.906250 2.468750 ) 175 1
	vert 176 ( 0.773438 2.429690 ) 176 1
	vert 177 ( 0.890625 2.429690 ) 177 1
	vert 178 ( 0.929688 2.687500 ) 178 1
	vert 179 ( 0.789063 2.687500 ) 179 1
	vert 180 ( 0.882813 2.734380 ) 180 1
	vert 181 ( 0.921875 2.437500 ) 181 1
	vert 182 ( 0.945313 2.335940 ) 182 1
	vert 183 ( 0.984375 2.648440 ) 183 1
	vert 184 ( 0.968750 2.539060 ) 184 1
	vert 185 ( 0.726563 2.640630 ) 185 1
	vert 186 ( 0.164063 2.718750 ) 186 1
	vert 187 ( 0.015625 2.476560 ) 187 1
	vert 188 ( 0.015625 2.718750 ) 188 1
	vert 189 ( 0.203125 2.484380 ) 189 1
	vert 190 ( 0.750000 2.773440 ) 190 1
	vert 191 ( 0.593750 2.984380 ) 191 1
	vert 192 ( 0.593750 2.773440 ) 192 1
	vert 193 ( 0.734375 2.992190 ) 193 1
	vert 194 ( 0.039062 2.992190 ) 194 1
	vert 195 ( 0.203125 2.750000 ) 195 1
	vert 196 ( 0.195313 2.984380 ) 196 1
	vert 197 ( 0.015625 2.750000 ) 197 1
	vert 198 ( 0.242188 2.484380 ) 198 1
	vert 199 ( 0.414063 2.718750 ) 199 1
	vert 200 ( 0.421875 2.484380 ) 200 1
	vert 201 ( 0.273438 2.718750 ) 201 1
	vert 202 ( 0.539063 2.984380 ) 202 1
	vert 203 ( 0.406250 2.742190 ) 203 1
	vert 204 ( 0.406250 2.968750 ) 204 1
	vert 205 ( 0.578125 2.750000 ) 205 1
	vert 206 ( 0.203125 2.226560 ) 206 1
	vert 207 ( 0.046875 2.453130 ) 207 1
	vert 208 ( 0.015625 2.218750 ) 208 1
	vert 209 ( 0.203125 2.460940 ) 209 1
	vert 210 ( 0.195313 2.984380 ) 210 1
	vert 211 ( 0.015625 2.750000 ) 211 1
	vert 212 ( 0.039062 2.992190 ) 212 1
	vert 213 ( 0.203125 2.750000 ) 213 1
	vert 214 ( 0.406250 2.218750 ) 214 1
	vert 215 ( 0.242188 2.460940 ) 215 1
	vert 216 ( 0.234375 2.218750 ) 216 1
	vert 217 ( 0.398438 2.453130 ) 217 1
	vert 218 ( 0.242188 2.460940 ) 218 1
	vert 219 ( 0.406250 2.218750 ) 219 1
	vert 220 ( 0.398438 2.453130 ) 220 1
	vert 221 ( 0.234375 2.218750 ) 221 1
	vert 222 ( 0.593750 2.773440 ) 222 1
	vert 223 ( 0.734375 2.992190 ) 223 1
	vert 224 ( 0.750000 2.773440 ) 224 1
	vert 225 ( 0.593750 2.984380 ) 225 1
	vert 226 ( 0.273438 2.718750 ) 226 1
	vert 227 ( 0.421875 2.484380 ) 227 1
	vert 228 ( 0.414063 2.718750 ) 228 1
	vert 229 ( 0.242188 2.484380 ) 229 1
	vert 230 ( 0.406250 2.742190 ) 230 1
	vert 231 ( 0.539063 2.984380 ) 231 1
	vert 232 ( 0.578125 2.750000 ) 232 1
	vert 233 ( 0.406250 2.968750 ) 233 1
	vert 234 ( 0.164063 2.718750 ) 234 1
	vert 235 ( 0.015625 2.476560 ) 235 1
	vert 236 ( 0.015625 2.718750 ) 236 1
	vert 237 ( 0.203125 2.484380 ) 237 1
	vert 238 ( 0.578125 2.750000 ) 238 1
	vert 239 ( 0.406250 2.968750 ) 239 1
	vert 240 ( 0.406250 2.742190 ) 240 1
	vert 241 ( 0.539063 2.984380 ) 241 1
	vert 242 ( 0.390625 2.984380 ) 242 1
	vert 243 ( 0.218750 2.750000 ) 243 1
	vert 244 ( 0.234375 2.992190 ) 244 1
	vert 245 ( 0.382813 2.750000 ) 245 1
	vert 246 ( 0.015625 2.218750 ) 246 1
	vert 247 ( 0.203125 2.460940 ) 247 1
	vert 248 ( 0.203125 2.226560 ) 248 1
	vert 249 ( 0.046875 2.453130 ) 249 1
	vert 250 ( 0.828125 2.781250 ) 250 1
	vert 251 ( 0.976563 2.710940 ) 251 1
	vert 252 ( 0.976563 2.984380 ) 252 1
	vert 253 ( 0.359375 2.164060 ) 253 1
	vert 254 ( 0.125000 2.187500 ) 254 1
	vert 255 ( 0.296875 2.023440 ) 255 1
	vert 256 ( 0.250000 2.039060 ) 256 1
	vert 257 ( 0.070312 2.203130 ) 257 1
	vert 258 ( 0.125000 2.187500 ) 258 1
	vert 259 ( 0.359375 2.164060 ) 259 1
	vert 260 ( 0.296875 2.023440 ) 260 1
	vert 261 ( 0.250000 2.039060 ) 261 1
	vert 262 ( 0.007812 2.015630 ) 262 1
	vert 263 ( 0.070312 2.203130 ) 263 1
	vert 264 ( 0.359375 2.164060 ) 264 1
	vert 265 ( 0.296875 2.023440 ) 265 1
	vert 266 ( 0.125000 2.187500 ) 266 1
	vert 267 ( 0.781250 2.906250 ) 267 1
	vert 268 ( 0.984375 2.992190 ) 268 1
	vert 269 ( 0.976563 2.710940 ) 269 1
	vert 270 ( 0.203125 2.484380 ) 270 1
	vert 271 ( 0.015625 2.718750 ) 271 1
	vert 272 ( 0.164063 2.718750 ) 272 1
	vert 273 ( 0.015625 2.468750 ) 273 1
	vert 274 ( 0.203125 2.750000 ) 274 1
	vert 275 ( 0.039062 2.992190 ) 275 1
	vert 276 ( 0.195313 2.984380 ) 276 1
	vert 277 ( 0.015625 2.750000 ) 277 1
	vert 278 ( 0.593750 2.773440 ) 278 1
	vert 279 ( 0.734375 2.992190 ) 279 1
	vert 280 ( 0.593750 2.984380 ) 280 1
	vert 281 ( 0.750000 2.773440 ) 281 1
	vert 282 ( 0.203125 2.226560 ) 282 1
	vert 283 ( 0.046875 2.453130 ) 283 1
	vert 284 ( 0.203125 2.460940 ) 284 1
	vert 285 ( 0.015625 2.218750 ) 285 1
	vert 286 ( 0.203125 2.226560 ) 286 1
	vert 287 ( 0.046875 2.453130 ) 287 1
	vert 288 ( 0.203125 2.460940 ) 288 1
	vert 289 ( 0.015625 2.218750 ) 289 1
	vert 290 ( 0.382813 2.750000 ) 290 1
	vert 291 ( 0.234375 2.992190 ) 291 1
	vert 292 ( 0.390625 2.984380 ) 292 1
	vert 293 ( 0.218750 2.750000 ) 293 1

	numtris 218
	tri 0 0 2 1
	tri 1 1 3 0
	tri 2 4 3 1
	tri 3 4 5 3
	tri 4 6 1 2
	tri 5 7 9 8
	tri 6 10 7 11
	tri 7 6 2 9
	tri 8 12 13 0
	tri 9 3 12 0
	tri 10 0 13 2
	tri 11 14 1 6
	tri 12 15 14 6
	tri 13 6 9 15
	tri 14 15 9 16
	tri 15 17 19 18
	tri 16 17 20 19
	tri 17 19 16 9
	tri 18 7 19 9
	tri 19 18 19 7
	tri 20 21 23 22
	tri 21 23 24 22
	tri 22 22 24 25
	tri 23 23 26 24
	tri 24 27 29 28
	tri 25 30 9 31
	tri 26 2 31 9
	tri 27 32 34 33
	tri 28 34 17 33
	tri 29 10 33 17
	tri 30 17 18 10
	tri 31 7 10 18
	tri 32 35 28 29
	tri 33 33 10 36
	tri 34 27 28 37
	tri 35 38 24 26
	tri 36 28 39 37
	tri 37 28 35 39
	tri 38 35 40 39
	tri 39 37 39 41
	tri 40 39 42 41
	tri 41 40 42 39
	tri 42 41 42 43
	tri 43 44 45 43
	tri 44 3 47 46
	tri 45 47 3 5
	tri 46 48 50 49
	tri 47 25 24 49
	tri 48 51 49 24
	tri 49 38 51 24
	tri 50 48 49 51
	tri 51 46 52 45
	tri 52 47 52 46
	tri 53 47 53 52
	tri 54 41 52 53
	tri 55 41 43 52
	tri 56 45 52 43
	tri 57 45 44 54
	tri 58 49 55 25
	tri 59 49 50 55
	tri 60 56 22 57
	tri 61 57 22 25
	tri 62 25 55 57
	tri 63 46 12 3
	tri 64 58 22 56
	tri 65 58 59 21
	tri 66 58 21 22
	tri 67 54 44 60
	tri 68 61 63 62
	tri 69 64 66 65
	tri 70 67 69 68
	tri 71 45 70 46
	tri 72 54 70 45
	tri 73 71 73 72
	tri 74 73 74 72
	tri 75 75 77 76
	tri 76 78 80 79
	tri 77 81 83 82
	tri 78 71 85 84
	tri 79 86 87 21
	tri 80 86 21 88
	tri 81 86 89 87
	tri 82 90 92 91
	tri 83 92 90 87
	tri 84 89 92 87
	tri 85 93 91 94
	tri 86 93 90 91
	tri 87 73 71 84
	tri 88 73 96 95
	tri 89 97 95 96
	tri 90 97 98 95
	tri 91 99 95 98
	tri 92 99 74 95
	tri 93 74 73 95
	tri 94 100 101 93
	tri 95 102 103 101
	tri 96 101 103 93
	tri 97 90 93 103
	tri 98 100 93 94
	tri 99 104 106 105
	tri 100 107 109 108
	tri 101 99 111 110
	tri 102 110 74 99
	tri 103 84 96 73
	tri 104 97 96 112
	tri 105 40 113 112
	tri 106 113 97 112
	tri 107 114 97 113
	tri 108 35 113 40
	tri 109 115 113 35
	tri 110 116 118 117
	tri 111 119 121 120
	tri 112 115 114 113
	tri 113 122 124 123
	tri 114 102 125 103
	tri 115 126 114 115
	tri 116 35 29 115
	tri 117 126 115 29
	tri 118 127 103 125
	tri 119 87 90 103
	tri 120 128 130 129
	tri 121 131 133 132
	tri 122 127 87 103
	tri 123 21 87 127
	tri 124 134 136 135
	tri 125 137 139 138
	tri 126 140 142 141
	tri 127 142 143 141
	tri 128 141 143 144
	tri 129 145 147 146
	tri 130 148 145 146
	tri 131 149 151 150
	tri 132 152 149 150
	tri 133 153 155 154
	tri 134 156 153 154
	tri 135 157 159 158
	tri 136 160 157 158
	tri 137 161 163 162
	tri 138 164 161 162
	tri 139 165 167 166
	tri 140 168 165 166
	tri 141 169 141 170
	tri 142 169 140 141
	tri 143 171 144 143
	tri 144 172 171 143
	tri 145 171 172 173
	tri 146 173 172 174
	tri 147 172 143 175
	tri 148 172 175 174
	tri 149 176 110 111
	tri 150 176 174 110
	tri 151 110 174 177
	tri 152 177 174 175
	tri 153 142 178 143
	tri 154 179 180 142
	tri 155 181 182 177
	tri 156 182 110 177
	tri 157 177 175 181
	tri 158 183 184 143
	tri 159 175 143 184
	tri 160 32 33 185
	tri 161 185 33 169
	tri 162 179 169 33
	tri 163 186 188 187
	tri 164 189 186 187
	tri 165 190 192 191
	tri 166 193 190 191
	tri 167 194 196 195
	tri 168 197 194 195
	tri 169 198 200 199
	tri 170 201 198 199
	tri 171 202 204 203
	tri 172 205 202 203
	tri 173 206 208 207
	tri 174 209 206 207
	tri 175 210 212 211
	tri 176 213 210 211
	tri 177 214 216 215
	tri 178 217 214 215
	tri 179 218 220 219
	tri 180 221 218 219
	tri 181 222 224 223
	tri 182 225 222 223
	tri 183 226 228 227
	tri 184 229 226 227
	tri 185 230 232 231
	tri 186 233 230 231
	tri 187 234 236 235
	tri 188 237 234 235
	tri 189 238 240 239
	tri 190 241 238 239
	tri 191 242 244 243
	tri 192 245 242 243
	tri 193 246 248 247
	tri 194 249 246 247
	tri 195 169 179 140
	tri 196 142 140 179
	tri 197 33 250 179
	tri 198 74 110 182
	tri 199 251 252 80
	tri 200 253 255 254
	tri 201 256 136 257
	tri 202 258 260 259
	tri 203 261 263 262
	tri 204 264 266 265
	tri 205 267 269 268
	tri 206 270 272 271
	tri 207 273 270 271
	tri 208 274 276 275
	tri 209 277 274 275
	tri 210 278 280 279
	tri 211 281 278 279
	tri 212 282 284 283
	tri 213 285 282 283
	tri 214 286 288 287
	tri 215 289 286 287
	tri 216 290 292 291
	tri 217 293 290 291

	numweights 294
	weight 0 1 1.000000 ( 2769.875432 504.527229 -1685.487170 )
	weight 1 1 1.000000 ( 2220.195500 299.247444 -2242.403201 )
	weight 2 1 1.000000 ( 2625.135442 895.807014 -1718.380175 )
	weight 3 1 1.000000 ( 2571.425481 -126.062615 -1939.263186 )
	weight 4 1 1.000000 ( 2241.155461 -136.332634 -2350.562213 )
	weight 5 1 1.000000 ( 2447.965520 -561.912713 -2192.171992 )
	weight 6 1 1.000000 ( 2263.075383 774.877327 -2060.514594 )
	weight 7 1 1.000000 ( 1435.935490 1465.437385 -2564.325213 )
	weight 8 1 1.000000 ( 1348.405461 2285.477424 -1868.303179 )
	weight 9 1 1.000000 ( 1993.805486 1236.427131 -2228.251200 )
	weight 10 1 1.000000 ( 810.469609 1589.277229 -2728.173205 )
	weight 11 1 1.000000 ( 881.122563 2303.867561 -2107.757844 )
	weight 12 1 1.000000 ( 3223.755559 155.187385 -891.549243 )
	weight 13 1 1.000000 ( 2824.675481 719.387580 -1485.711169 )
	weight 14 1 1.000000 ( 2035.525456 746.927131 -2121.424224 )
	weight 15 1 1.000000 ( 1839.945500 837.307014 -2190.161990 )
	weight 16 1 1.000000 ( 1617.215520 826.457405 -2438.788195 )
	weight 17 1 1.000000 ( 781.671574 1002.317268 -2686.474230 )
	weight 18 1 1.000000 ( 1059.735539 1164.357307 -2793.545214 )
	weight 19 1 1.000000 ( 1340.605534 844.927131 -2774.166247 )
	weight 20 1 1.000000 ( 1617.215520 826.457405 -2438.788195 )
	weight 21 1 1.000000 ( 146.710561 982.557502 -3048.201220 )
	weight 22 1 1.000000 ( 651.814580 902.607307 -3218.779223 )
	weight 23 1 1.000000 ( 444.186559 369.637580 -3157.859179 )
	weight 24 1 1.000000 ( 1527.695622 -465.472283 -3165.319140 )
	weight 25 1 1.000000 ( 1573.285466 -123.072380 -3098.553271 )
	weight 26 1 1.000000 ( 953.562566 -258.983025 -3133.059191 )
	weight 27 1 1.000000 ( 444.186559 369.637580 -3157.859179 )
	weight 28 1 1.000000 ( 331.899571 -91.732537 -3288.059130 )
	weight 29 1 1.000000 ( 146.710561 982.557502 -3048.201220 )
	weight 30 1 1.000000 ( 1774.875554 2334.107307 -1540.995166 )
	weight 31 1 1.000000 ( 2422.815373 1640.787483 -1467.189196 )
	weight 32 1 1.000000 ( 146.710561 982.557502 -3048.201220 )
	weight 33 1 1.000000 ( 133.705548 1603.297248 -2704.735217 )
	weight 34 1 1.000000 ( 683.858586 900.117561 -2681.900195 )
	weight 35 1 1.000000 ( 150.909551 -605.472283 -3302.749194 )
	weight 36 1 1.000000 ( 381.575536 2314.547248 -2235.599192 )
	weight 37 1 1.000000 ( 953.562566 -258.983025 -3133.059191 )
	weight 38 1 1.000000 ( 1898.355534 -1113.122673 -2636.082202 )
	weight 39 1 1.000000 ( 760.768559 -1405.642205 -3024.295214 )
	weight 40 1 1.000000 ( 118.335545 -2078.692986 -2755.900195 )
	weight 41 1 1.000000 ( 1898.355534 -1113.122673 -2636.082202 )
	weight 42 1 1.000000 ( 1158.585515 -2122.893181 -2483.471209 )
	weight 43 1 1.000000 ( 1992.325505 -2245.692986 -1804.666186 )
	weight 44 1 1.000000 ( 2431.475530 -2454.893181 -851.929248 )
	weight 45 1 1.000000 ( 3000.225530 -1654.812127 -728.879199 )
	weight 46 1 1.000000 ( 3280.255559 -703.902947 -495.679248 )
	weight 47 1 1.000000 ( 2655.235539 -752.672478 -2019.443186 )
	weight 48 1 1.000000 ( 2655.235539 -752.672478 -2019.443186 )
	weight 49 1 1.000000 ( 2124.935490 -472.202752 -2705.627246 )
	weight 50 1 1.000000 ( 2447.965520 -561.912713 -2192.171992 )
	weight 51 1 1.000000 ( 2343.525578 -1012.882439 -2403.810198 )
	weight 52 1 1.000000 ( 2670.275578 -1491.742791 -1301.147143 )
	weight 53 1 1.000000 ( 2343.525578 -1012.882439 -2403.810198 )
	weight 54 1 1.000000 ( 2917.185490 -2040.792595 369.130689 )
	weight 55 1 1.000000 ( 2009.455510 -387.112908 -2538.830218 )
	weight 56 1 1.000000 ( 683.858586 900.117561 -2681.900195 )
	weight 57 1 1.000000 ( 1384.415471 39.597541 -2766.396228 )
	weight 58 1 1.000000 ( 568.338567 1074.977424 -2956.231249 )
	weight 59 1 1.000000 ( 683.858586 900.117561 -2681.900195 )
	weight 60 1 1.000000 ( 2416.235539 -2688.393181 224.640699 )
	weight 61 1 1.000000 ( 1914.925481 -3047.992791 -419.379199 )
	weight 62 1 1.000000 ( 2401.605412 -4598.093377 -1055.899218 )
	weight 63 1 1.000000 ( 1262.915471 -2732.992791 -1863.540179 )
	weight 64 1 1.000000 ( 1631.335515 -5118.992791 1048.580640 )
	weight 65 1 1.000000 ( 1004.408574 -3484.593377 -474.929248 )
	weight 66 1 1.000000 ( 1137.875554 -3375.192986 1034.110669 )
	weight 67 1 1.000000 ( 2372.375432 -4845.992791 298.150709 )
	weight 68 1 1.000000 ( 1914.925481 -3047.992791 -419.379199 )
	weight 69 1 1.000000 ( 1137.875554 -3375.192986 1034.110669 )
	weight 70 1 1.000000 ( 3236.785588 -1121.502556 781.200757 )
	weight 71 1 1.000000 ( -2959.374324 -2012.393181 95.410718 )
	weight 72 1 1.000000 ( -3307.034480 -1089.952752 476.410718 )
	weight 73 1 1.000000 ( -2936.274470 -1626.182244 -1005.389208 )
	weight 74 1 1.000000 ( -3227.614314 -672.523064 -798.799121 )
	weight 75 1 1.000000 ( -2437.354304 -4822.893181 74.130689 )
	weight 76 1 1.000000 ( -1262.494441 -3363.593377 922.310621 )
	weight 77 1 1.000000 ( -1897.894466 -3029.593377 -596.969287 )
	weight 78 1 1.000000 ( -1771.934383 -5102.492791 890.060621 )
	weight 79 1 1.000000 ( -1262.494441 -3363.593377 922.310621 )
	weight 80 1 1.000000 ( -990.404475 -3474.992791 -567.849169 )
	weight 81 1 1.000000 ( -1897.894466 -3029.593377 -596.969287 )
	weight 82 1 1.000000 ( -2338.204402 -4575.292595 -1276.668139 )
	weight 83 1 1.000000 ( -1111.474422 -2721.492791 -1974.134188 )
	weight 84 1 1.000000 ( -2366.274470 -2431.792595 -1075.399218 )
	weight 85 1 1.000000 ( -2453.424373 -2664.893181 -2.179125 )
	weight 86 1 1.000000 ( -281.730464 1079.067268 -2995.825244 )
	weight 87 1 1.000000 ( -342.096461 907.397346 -3265.069140 )
	weight 88 1 1.000000 ( -423.927486 905.457405 -2733.498217 )
	weight 89 1 1.000000 ( -423.927486 905.457405 -2733.498217 )
	weight 90 1 1.000000 ( -1280.584407 -109.312615 -3231.479174 )
	weight 91 1 1.000000 ( -1769.404475 -368.893181 -2714.840197 )
	weight 92 1 1.000000 ( -1121.844417 51.677620 -2883.131213 )
	weight 93 1 1.000000 ( -1869.694392 -452.942986 -2891.687243 )
	weight 94 1 1.000000 ( -2239.904597 -539.312127 -2410.521197 )
	weight 95 1 1.000000 ( -2553.004451 -1466.552361 -1544.435168 )
	weight 96 1 1.000000 ( -1838.474422 -2227.192986 -1983.095187 )
	weight 97 1 1.000000 ( -1656.744441 -1095.983025 -2801.670214 )
	weight 98 1 1.000000 ( -2120.584285 -991.362908 -2611.737231 )
	weight 99 1 1.000000 ( -2464.154353 -727.992791 -2257.892199 )
	weight 100 1 1.000000 ( -2464.154353 -727.992791 -2257.892199 )
	weight 101 1 1.000000 ( -2120.584285 -991.362908 -2611.737231 )
	weight 102 1 1.000000 ( -1656.744441 -1095.983025 -2801.670214 )
	weight 103 1 1.000000 ( -1232.274470 -452.162713 -3293.879199 )
	weight 104 1 1.000000 ( 892.263615 -5002.393181 -1598.751147 )
	weight 105 1 1.000000 ( 54.304646 -3271.692986 -1504.670153 )
	weight 106 1 1.000000 ( 1004.408574 -3484.593377 -474.929248 )
	weight 107 1 1.000000 ( 1262.915471 -2732.992791 -1863.540179 )
	weight 108 1 1.000000 ( 97.202046 -2603.692986 -2356.513201 )
	weight 109 1 1.000000 ( 1036.025517 -4320.393181 -2852.256213 )
	weight 110 1 1.000000 ( -2382.144343 -102.182732 -2169.988196 )
	weight 111 1 1.000000 ( -2239.904597 -539.312127 -2410.521197 )
	weight 112 1 1.000000 ( -944.109492 -2112.792595 -2581.409197 )
	weight 113 1 1.000000 ( -490.860469 -1399.602166 -3082.593249 )
	weight 114 1 1.000000 ( -661.667476 -251.202752 -3208.289111 )
	weight 115 1 1.000000 ( -26.707950 -90.002556 -3304.759204 )
	weight 116 1 1.000000 ( 800.985539 -5081.593377 1814.280835 )
	weight 117 1 1.000000 ( -85.194446 -3429.593377 1473.950757 )
	weight 118 1 1.000000 ( 1137.875554 -3375.192986 1034.110669 )
	weight 119 1 1.000000 ( 334.579564 -5333.893181 -255.939257 )
	weight 120 1 1.000000 ( 1004.408574 -3484.593377 -474.929248 )
	weight 121 1 1.000000 ( -41.547149 -3678.492791 511.110669 )
	weight 122 1 1.000000 ( 1746.065495 -4634.792595 -1880.290179 )
	weight 123 1 1.000000 ( 1004.408574 -3484.593377 -474.929248 )
	weight 124 1 1.000000 ( 1262.915471 -2732.992791 -1863.540179 )
	weight 125 1 1.000000 ( -661.667476 -251.202752 -3208.289111 )
	weight 126 1 1.000000 ( -146.166453 372.487190 -3185.359179 )
	weight 127 1 1.000000 ( -146.166453 372.487190 -3185.359179 )
	weight 128 1 1.000000 ( 1897.045476 -2923.093377 1180.900953 )
	weight 129 1 1.000000 ( 2835.675481 -4720.093377 1368.980787 )
	weight 130 1 1.000000 ( 1914.925481 -3047.992791 -419.379199 )
	weight 131 1 1.000000 ( 1914.925481 -3047.992791 -419.379199 )
	weight 132 1 1.000000 ( 2973.135442 -3951.292595 -2254.897204 )
	weight 133 1 1.000000 ( 1992.325505 -2245.692986 -1804.666186 )
	weight 134 1 1.000000 ( -109.930453 -4933.992791 1849.310621 )
	weight 135 1 1.000000 ( -41.547149 -3678.492791 511.110669 )
	weight 136 1 1.000000 ( -85.194446 -3429.593377 1473.950757 )
	weight 137 1 1.000000 ( 133.583554 -3856.393181 -3267.289111 )
	weight 138 1 1.000000 ( 97.202046 -2603.692986 -2356.513201 )
	weight 139 1 1.000000 ( 54.304646 -3271.692986 -1504.670153 )
	weight 140 1 1.000000 ( -785.240474 1173.247444 -2879.480212 )
	weight 141 1 1.000000 ( -1069.754451 856.547248 -2886.434252 )
	weight 142 1 1.000000 ( -1178.204524 1478.037483 -2686.085192 )
	weight 143 1 1.000000 ( -1767.074397 1254.557502 -2403.424212 )
	weight 144 1 1.000000 ( -1376.504451 840.887580 -2578.229174 )
	weight 145 1 1.000000 ( -277.492457 -4585.893181 2688.710767 )
	weight 146 1 1.000000 ( -1167.984431 -3062.192986 1761.470777 )
	weight 147 1 1.000000 ( -110.447459 -3120.192986 2048.160474 )
	weight 148 1 1.000000 ( -1426.764461 -4521.593377 2330.240552 )
	weight 149 1 1.000000 ( -1426.764461 -4521.593377 2330.240552 )
	weight 150 1 1.000000 ( -110.447459 -3120.192986 2048.160474 )
	weight 151 1 1.000000 ( -1167.984431 -3062.192986 1761.470777 )
	weight 152 1 1.000000 ( -277.492457 -4585.893181 2688.710767 )
	weight 153 1 1.000000 ( 32.606648 -3343.192986 -3840.329150 )
	weight 154 1 1.000000 ( -944.109492 -2112.792595 -2581.409197 )
	weight 155 1 1.000000 ( 118.335545 -2078.692986 -2755.900195 )
	weight 156 1 1.000000 ( -1141.204524 -3383.492791 -3682.659106 )
	weight 157 1 1.000000 ( -1141.204524 -3383.492791 -3682.659106 )
	weight 158 1 1.000000 ( 118.335545 -2078.692986 -2755.900195 )
	weight 159 1 1.000000 ( -944.109492 -2112.792595 -2581.409197 )
	weight 160 1 1.000000 ( 32.606648 -3343.192986 -3840.329150 )
	weight 161 1 1.000000 ( -3255.054500 -3962.593377 739.510816 )
	weight 162 1 1.000000 ( -2959.374324 -2012.393181 95.410718 )
	weight 163 1 1.000000 ( -2027.644466 -2904.192986 998.090650 )
	weight 164 1 1.000000 ( -4265.354549 -3175.393181 -163.689257 )
	weight 165 1 1.000000 ( -4265.354549 -3175.393181 -163.689257 )
	weight 166 1 1.000000 ( -2027.644466 -2904.192986 998.090650 )
	weight 167 1 1.000000 ( -2959.374324 -2012.393181 95.410718 )
	weight 168 1 1.000000 ( -3255.054500 -3962.593377 739.510816 )
	weight 169 1 1.000000 ( -519.902461 1008.597541 -2747.098254 )
	weight 170 1 1.000000 ( -1376.504451 840.887580 -2578.229174 )
	weight 171 1 1.000000 ( -1621.264461 853.997444 -2351.376208 )
	weight 172 1 1.000000 ( -2055.194392 795.697151 -2261.649188 )
	weight 173 1 1.000000 ( -1823.244441 765.537483 -2301.156207 )
	weight 174 1 1.000000 ( -2000.174373 319.597541 -2438.977221 )
	weight 175 1 1.000000 ( -2446.304500 920.267463 -1954.595187 )
	weight 176 1 1.000000 ( -2015.184383 -115.812615 -2548.812213 )
	weight 177 1 1.000000 ( -2597.244441 530.407112 -1935.474185 )
	weight 178 1 1.000000 ( -1147.864436 2297.507209 -1984.573184 )
	weight 179 1 1.000000 ( -539.051448 1595.787483 -2791.030200 )
	weight 180 1 1.000000 ( -660.188472 2311.297248 -2179.548396 )
	weight 181 1 1.000000 ( -2668.304500 745.867561 -1741.561175 )
	weight 182 1 1.000000 ( -3126.284480 185.807014 -1187.322131 )
	weight 183 1 1.000000 ( -1602.424373 2350.387580 -1698.301165 )
	weight 184 1 1.000000 ( -2261.054500 1663.367561 -1685.352160 )
	weight 185 1 1.000000 ( -423.927486 905.457405 -2733.498217 )
	weight 186 1 1.000000 ( -1838.474422 -2227.192986 -1983.095187 )
	weight 187 1 1.000000 ( -3418.164363 -3484.492791 -1641.214160 )
	weight 188 1 1.000000 ( -2572.234431 -2141.292595 -1051.059252 )
	weight 189 1 1.000000 ( -2541.614314 -3557.093377 -2800.727221 )
	weight 190 1 1.000000 ( -2541.614314 -3557.093377 -2800.727221 )
	weight 191 1 1.000000 ( -2572.234431 -2141.292595 -1051.059252 )
	weight 192 1 1.000000 ( -3418.164363 -3484.492791 -1641.214160 )
	weight 193 1 1.000000 ( -1838.474422 -2227.192986 -1983.095187 )
	weight 194 1 1.000000 ( -1800.554378 -2252.992791 -1983.241183 )
	weight 195 1 1.000000 ( -1529.904475 -3123.292595 -3821.909106 )
	weight 196 1 1.000000 ( -944.109492 -2112.792595 -2581.409197 )
	weight 197 1 1.000000 ( -2592.874324 -3291.292595 -3091.189196 )
	weight 198 1 1.000000 ( -2592.874324 -3291.292595 -3091.189196 )
	weight 199 1 1.000000 ( -944.109492 -2112.792595 -2581.409197 )
	weight 200 1 1.000000 ( -1529.904475 -3123.292595 -3821.909106 )
	weight 201 1 1.000000 ( -1800.554378 -2252.992791 -1983.241183 )
	weight 202 1 1.000000 ( -2604.994441 -2469.893181 26.770826 )
	weight 203 1 1.000000 ( -3253.174373 -3799.593377 -1540.847155 )
	weight 204 1 1.000000 ( -2366.274470 -2431.792595 -1075.399218 )
	weight 205 1 1.000000 ( -3515.554256 -3860.093377 -169.459277 )
	weight 206 1 1.000000 ( -3515.554256 -3860.093377 -169.459277 )
	weight 207 1 1.000000 ( -2366.274470 -2431.792595 -1075.399218 )
	weight 208 1 1.000000 ( -3253.174373 -3799.593377 -1540.847155 )
	weight 209 1 1.000000 ( -2604.994441 -2469.893181 26.770826 )
	weight 210 1 1.000000 ( -1283.894466 -2892.992791 1924.720777 )
	weight 211 1 1.000000 ( -2714.164363 -4332.792595 1296.490796 )
	weight 212 1 1.000000 ( -2027.644466 -2904.192986 998.090650 )
	weight 213 1 1.000000 ( -1760.334407 -4335.292595 2397.040845 )
	weight 214 1 1.000000 ( -1760.334407 -4335.292595 2397.040845 )
	weight 215 1 1.000000 ( -2027.644466 -2904.192986 998.090650 )
	weight 216 1 1.000000 ( -2714.164363 -4332.792595 1296.490796 )
	weight 217 1 1.000000 ( -1283.894466 -2892.992791 1924.720777 )
	weight 218 1 1.000000 ( 1070.525578 -2904.393181 2034.380689 )
	weight 219 1 1.000000 ( 2539.075383 -4358.192986 1541.180738 )
	weight 220 1 1.000000 ( 1897.045476 -2923.093377 1180.900953 )
	weight 221 1 1.000000 ( 1487.105534 -4350.992791 2548.301099 )
	weight 222 1 1.000000 ( 1487.105534 -4350.992791 2548.301099 )
	weight 223 1 1.000000 ( 1897.045476 -2923.093377 1180.900953 )
	weight 224 1 1.000000 ( 2539.075383 -4358.192986 1541.180738 )
	weight 225 1 1.000000 ( 1070.525578 -2904.393181 2034.380689 )
	weight 226 1 1.000000 ( 2566.335393 -2494.792595 267.640699 )
	weight 227 1 1.000000 ( 3344.595647 -3831.393181 -1233.539233 )
	weight 228 1 1.000000 ( 2431.475530 -2454.893181 -851.929248 )
	weight 229 1 1.000000 ( 3477.775578 -3893.792595 156.270826 )
	weight 230 1 1.000000 ( 3477.775578 -3893.792595 156.270826 )
	weight 231 1 1.000000 ( 2431.475530 -2454.893181 -851.929248 )
	weight 232 1 1.000000 ( 3344.595647 -3831.393181 -1233.539233 )
	weight 233 1 1.000000 ( 2566.335393 -2494.792595 267.640699 )
	weight 234 1 1.000000 ( 1954.335515 -2271.093377 -1808.348193 )
	weight 235 1 1.000000 ( 1847.395574 -3139.593377 -3664.609179 )
	weight 236 1 1.000000 ( 1158.585515 -2122.893181 -2483.471209 )
	weight 237 1 1.000000 ( 2836.175481 -3317.492791 -2838.317248 )
	weight 238 1 1.000000 ( 2836.175481 -3317.492791 -2838.317248 )
	weight 239 1 1.000000 ( 1158.585515 -2122.893181 -2483.471209 )
	weight 240 1 1.000000 ( 1847.395574 -3139.593377 -3664.609179 )
	weight 241 1 1.000000 ( 1954.335515 -2271.093377 -1808.348193 )
	weight 242 1 1.000000 ( 1992.325505 -2245.692986 -1804.666186 )
	weight 243 1 1.000000 ( 3521.225530 -3517.992791 -1317.994128 )
	weight 244 1 1.000000 ( 2637.065373 -2166.393181 -808.419238 )
	weight 245 1 1.000000 ( 2755.585393 -3582.593377 -2553.997210 )
	weight 246 1 1.000000 ( 2755.585393 -3582.593377 -2553.997210 )
	weight 247 1 1.000000 ( 2637.065373 -2166.393181 -808.419238 )
	weight 248 1 1.000000 ( 3521.225530 -3517.992791 -1317.994128 )
	weight 249 1 1.000000 ( 1992.325505 -2245.692986 -1804.666186 )
	weight 250 1 1.000000 ( -150.841457 2317.117561 -2260.397204 )
	weight 251 1 1.000000 ( -788.894405 -4994.292595 -1677.055163 )
	weight 252 1 1.000000 ( 54.304646 -3271.692986 -1504.670153 )
	weight 253 1 1.000000 ( -1111.474422 -2721.492791 -1974.134188 )
	weight 254 1 1.000000 ( -808.951472 -4311.492791 -2938.191210 )
	weight 255 1 1.000000 ( 97.202046 -2603.692986 -2356.513201 )
	weight 256 1 1.000000 ( -1016.024470 -5072.792595 1729.650709 )
	weight 257 1 1.000000 ( -1262.494441 -3363.593377 922.310621 )
	weight 258 1 1.000000 ( -361.657466 -5330.593377 -288.369189 )
	weight 259 1 1.000000 ( -41.547149 -3678.492791 511.110669 )
	weight 260 1 1.000000 ( -990.404475 -3474.992791 -567.849169 )
	weight 261 1 1.000000 ( -1609.254451 -4618.692986 -2036.573191 )
	weight 262 1 1.000000 ( -1111.474422 -2721.492791 -1974.134188 )
	weight 263 1 1.000000 ( -990.404475 -3474.992791 -567.849169 )
	weight 264 1 1.000000 ( -2027.644466 -2904.192986 998.090650 )
	weight 265 1 1.000000 ( -1897.894466 -3029.593377 -596.969287 )
	weight 266 1 1.000000 ( -2996.934383 -4691.893181 1097.320630 )
	weight 267 1 1.000000 ( -1897.894466 -3029.593377 -596.969287 )
	weight 268 1 1.000000 ( -1838.474422 -2227.192986 -1983.095187 )
	weight 269 1 1.000000 ( -2789.554500 -3923.492791 -2523.309191 )
	weight 270 1 1.000000 ( 3132.945500 -3993.393181 1037.040845 )
	weight 271 1 1.000000 ( 2917.185490 -2040.792595 369.130689 )
	weight 272 1 1.000000 ( 1897.045476 -2923.093377 1180.900953 )
	weight 273 1 1.000000 ( 4230.335393 -3216.393181 232.010816 )
	weight 274 1 1.000000 ( 4230.335393 -3216.393181 232.010816 )
	weight 275 1 1.000000 ( 1897.045476 -2923.093377 1180.900953 )
	weight 276 1 1.000000 ( 2917.185490 -2040.792595 369.130689 )
	weight 277 1 1.000000 ( 3132.945500 -3993.393181 1037.040845 )
	weight 278 1 1.000000 ( 291.323552 -3344.393181 -3828.279101 )
	weight 279 1 1.000000 ( 1158.585515 -2122.893181 -2483.471209 )
	weight 280 1 1.000000 ( 118.335545 -2078.692986 -2755.900195 )
	weight 281 1 1.000000 ( 1444.955510 -3395.893181 -3562.199267 )
	weight 282 1 1.000000 ( 1444.955510 -3395.893181 -3562.199267 )
	weight 283 1 1.000000 ( 118.335545 -2078.692986 -2755.900195 )
	weight 284 1 1.000000 ( 1158.585515 -2122.893181 -2483.471209 )
	weight 285 1 1.000000 ( 291.323552 -3344.393181 -3828.279101 )
	weight 286 1 1.000000 ( -18.775451 -4587.192986 2700.760572 )
	weight 287 1 1.000000 ( 968.672612 -3072.492791 1860.990796 )
	weight 288 1 1.000000 ( -110.447459 -3120.192986 2048.160474 )
	weight 289 1 1.000000 ( 1159.405583 -4534.093377 2450.690748 )
	weight 290 1 1.000000 ( 1159.405583 -4534.093377 2450.690748 )
	weight 291 1 1.000000 ( -110.447459 -3120.192986 2048.160474 )
	weight 292 1 1.000000 ( 968.672612 -3072.492791 1860.990796 )
	weight 293 1 1.000000 ( -18.775451 -4587.192986 2700.760572 )
}

