MD5Version 10
commandline ""

numFrames 5
numJoints 23
frameRate 10
numAnimatedComponents 138

hierarchy {
	"bone0"	-1 63 0	//
	"bone1"	0 63 6	// bone0
	"bone3"	1 63 12	// bone1
	"bone8"	2 63 18	// bone3
	"bone13"	3 63 24	// bone8
	"bone17"	4 63 30	// bone13
	"bone21"	5 63 36	// bone17
	"bone4"	1 63 42	// bone1
	"bone9"	7 63 48	// bone4
	"bone5"	1 63 54	// bone1
	"bone10"	9 63 60	// bone5
	"bone14"	10 63 66	// bone10
	"bone18"	11 63 72	// bone14
	"bone22"	12 63 78	// bone18
	"bone2"	0 63 84	// bone0
	"bone6"	14 63 90	// bone2
	"bone11"	15 63 96	// bone6
	"bone15"	16 63 102	// bone11
	"bone19"	17 63 108	// bone15
	"bone7"	14 63 114	// bone2
	"bone12"	19 63 120	// bone7
	"bone16"	20 63 126	// bone12
	"bone20"	21 63 132	// bone16
}

bounds {
	( -5262.370117 -14866.051270 -5262.370117 ) ( -5262.370117 6113.876221 5059.823730 )
	( -5272.710449 -14832.822754 -5272.710449 ) ( -5272.710449 6129.268921 5083.450684 )
	( -5255.261230 -14793.579102 -5255.261230 ) ( -5255.261230 6126.257568 5081.575195 )
	( -5240.678711 -14745.824707 -5240.678711 ) ( -5240.678711 6120.050537 5077.233887 )
	( -5219.102051 -14699.435059 -5219.102051 ) ( -5219.102051 6101.520996 5066.865723 )
	( -5213.771484 -14606.306641 -5213.771484 ) ( -5213.771484 6133.306396 5092.089844 )
	( -5198.359375 -14570.500977 -5198.359375 ) ( -5198.359375 6113.940674 5083.088867 )
	( -5193.371094 -14528.721680 -5193.371094 ) ( -5193.371094 6112.930847 5090.807617 )
	( -5177.473633 -14502.100586 -5177.473633 ) ( -5177.473633 6115.094238 5082.202148 )
	( -5181.092285 -14495.944824 -5181.092285 ) ( -5181.092285 6121.485840 5089.658691 )
	( -5182.222656 -14492.809082 -5182.222656 ) ( -5182.222656 6122.619385 5093.745605 )
	( -5188.023438 -14498.943359 -5188.023438 ) ( -5188.023438 6119.111572 5087.830078 )
	( -5200.488281 -14512.865234 -5200.488281 ) ( -5200.488281 6117.979370 5089.162109 )
	( -5205.730469 -14529.536133 -5205.730469 ) ( -5205.730469 6116.926392 5092.059570 )
	( -5210.705078 -14562.059082 -5210.705078 ) ( -5210.705078 6108.927734 5078.270996 )
	( -5206.326172 -14594.412109 -5206.326172 ) ( -5206.326172 6103.391113 5075.962891 )
	( -5222.468750 -14617.578613 -5222.468750 ) ( -5222.468750 6103.114258 5075.054199 )
	( -5222.311523 -14629.782227 -5222.311523 ) ( -5222.311523 6116.006836 5080.983398 )
	( -5239.625000 -14662.273926 -5239.625000 ) ( -5239.625000 6115.252930 5074.403809 )
	( -5247.506348 -14693.718750 -5247.506348 ) ( -5247.506348 6122.652832 5079.289062 )
	( -5249.406738 -14746.752441 -5249.406738 ) ( -5249.406738 6118.205811 5077.630371 )
	( -5268.795410 -14786.968750 -5268.795410 ) ( -5268.795410 6110.983765 5073.732422 )
	( -5269.717285 -14820.011719 -5269.717285 ) ( -5269.717285 6118.031982 5076.958984 )
	( -5269.952148 -14855.364746 -5269.952148 ) ( -5269.952148 6110.421875 5067.146973 )
	( -6318.335449 -6540.542480 -6318.335449 ) ( -6318.335449 6809.051331 6266.174316 )
	( -6298.156250 -6469.735352 -6298.156250 ) ( -6298.156250 6802.424805 6260.258789 )
	( -6269.961426 -6405.277832 -6269.961426 ) ( -6269.961426 6807.963074 6261.994629 )
	( -6251.979492 -6410.147949 -6251.979492 ) ( -6251.979492 6818.875610 6270.334473 )
	( -6239.543945 -6458.516113 -6239.543945 ) ( -6239.543945 6807.915527 6266.714355 )
	( -6244.941406 -6467.588867 -6244.941406 ) ( -6244.941406 6817.421631 6272.346680 )
	( -6268.887207 -6489.539551 -6268.887207 ) ( -6268.887207 6813.675781 6271.057129 )
	( -6278.849121 -6503.688965 -6278.849121 ) ( -6278.849121 6817.447021 6265.514160 )
	( -6302.371582 -6513.505371 -6302.371582 ) ( -6302.371582 6819.328186 6264.990723 )
	( -6315.693359 -6529.631348 -6315.693359 ) ( -6315.693359 6810.088745 6269.270996 )
	( -8929.696289 -8929.696289 -8929.696289 ) ( -8929.696289 19895.058594 21988.564453 )
	( -5643.190430 -5643.190430 -5643.190430 ) ( -5643.190430 22120.880249 23735.861328 )
	( -5680.371094 -8566.900391 -5680.371094 ) ( -5680.371094 13730.411133 12662.748047 )
	( -5668.748047 -8544.909180 -5668.748047 ) ( -5668.748047 13736.621094 12668.442383 )
	( -5654.263672 -8543.596680 -5654.263672 ) ( -5654.263672 13721.987549 12661.438477 )
	( -5651.700195 -8543.387695 -5651.700195 ) ( -5651.700195 13723.600830 12663.051758 )
	( -5656.273438 -8549.722656 -5656.273438 ) ( -5656.273438 13720.107666 12655.958984 )
	( -5670.818359 -8548.293945 -5670.818359 ) ( -5670.818359 13733.399658 12669.487305 )
	( -5680.344727 -8563.303711 -5680.344727 ) ( -5680.344727 13726.730225 12659.239258 )
	( -5988.859375 -17581.606445 -5988.859375 ) ( -5988.859375 4845.516602 3334.579102 )
	( -6865.105957 -22083.566895 -6865.105957 ) ( -6865.105957 -246.445435 -1318.102051 )
	( -6885.145020 -22069.436523 -6885.145020 ) ( -6885.145020 -239.970947 -1307.288086 )
	( -4939.515137 -19020.945557 -4939.515137 ) ( -4939.515137 2509.049438 1048.525146 )
	( -5288.401367 -12910.972656 -5288.401367 ) ( -5288.401367 7489.873291 6345.171875 )
	( -5210.623047 -11028.496094 -5210.623047 ) ( -5210.623047 8137.799133 7216.152344 )
	( -5205.444824 -11058.085449 -5205.444824 ) ( -5205.444824 8202.657471 7282.266113 )
	( -5226.142090 -11177.505371 -5226.142090 ) ( -5226.142090 8286.068970 7343.615723 )
	( -5232.353027 -11298.657715 -5232.353027 ) ( -5232.353027 8373.725159 7415.877441 )
	( -5235.660645 -11453.139648 -5235.660645 ) ( -5235.660645 8475.699951 7496.762695 )
	( -5235.424805 -11701.806641 -5235.424805 ) ( -5235.424805 8563.589111 7531.464844 )
	( -5242.328125 -11992.975586 -5242.328125 ) ( -5242.328125 8589.205933 7530.469727 )
	( -5257.048340 -12289.218750 -5257.048340 ) ( -5257.048340 8538.860107 7479.390625 )
	( -5260.162109 -13089.129883 -5260.162109 ) ( -5260.162109 8053.943359 6864.387695 )
	( -5260.098633 -14154.907227 -5260.098633 ) ( -5260.098633 7187.730835 5883.108398 )
	( -5253.845215 -14739.231445 -5253.845215 ) ( -5253.845215 6354.330322 5224.586914 )
	( -5254.903320 -14866.051270 -5254.903320 ) ( -5254.903320 6114.254761 5059.823730 )
	( -5254.903320 -14866.051270 -5254.903320 ) ( -5254.903320 6114.254761 5059.823730 )
	( -5256.770508 -14866.051270 -5256.770508 ) ( -5256.770508 6113.976074 5059.823730 )
	( -5397.658691 -13830.442383 -5397.658691 ) ( -5397.658691 6768.730591 5428.883789 )
	( -5264.476562 -12758.225586 -5264.476562 ) ( -5264.476562 7630.464600 6526.286133 )
	( -5217.783691 -12641.775879 -5217.783691 ) ( -5217.783691 7771.784180 6797.378418 )
	( -5245.825684 -12465.404297 -5245.825684 ) ( -5245.825684 7739.295227 6767.242188 )
	( -5254.385254 -12263.225098 -5254.385254 ) ( -5254.385254 7705.976379 6758.243652 )
	( -5270.910645 -12035.389160 -5270.910645 ) ( -5270.910645 7684.593689 6743.653809 )
	( -5277.668945 -11853.602539 -5277.668945 ) ( -5277.668945 7643.813232 6710.690430 )
	( -5294.780273 -11712.542969 -5294.780273 ) ( -5294.780273 7609.534241 6701.371094 )
	( -5304.787598 -11571.702637 -5304.787598 ) ( -5304.787598 7589.189636 6692.590332 )
	( -5298.399414 -11414.628906 -5298.399414 ) ( -5298.399414 7557.548645 6667.931641 )
	( -5304.854980 -11216.492676 -5304.854980 ) ( -5304.854980 7530.888550 6654.233887 )
	( -5284.377441 -11034.142090 -5284.377441 ) ( -5284.377441 7512.283875 6653.432129 )
	( -5274.556641 -10901.823242 -5274.556641 ) ( -5274.556641 7503.595276 6653.170898 )
	( -5275.480469 -10842.573730 -5275.480469 ) ( -5275.480469 7505.875793 6655.570801 )
	( -5259.631348 -10809.964355 -5259.631348 ) ( -5259.631348 7536.906189 6684.012207 )
	( -5263.070801 -10912.901367 -5263.070801 ) ( -5263.070801 7582.063416 6706.754883 )
	( -5267.487793 -11240.041504 -5267.487793 ) ( -5267.487793 7635.910461 6736.204590 )
	( -5262.617188 -12301.253906 -5262.617188 ) ( -5262.617188 7341.118591 6414.054688 )
	( -5259.372070 -13519.395508 -5259.372070 ) ( -5259.372070 6726.209900 5740.014648 )
	( -5283.788086 -14459.599609 -5283.788086 ) ( -5283.788086 6289.518433 5224.957031 )
	( -5424.939941 -15359.895020 -5424.939941 ) ( -5424.939941 5022.129517 3360.062012 )
	( -5541.660156 -11246.795898 -5541.660156 ) ( -5541.660156 8066.709473 6894.979492 )
	( -8390.599609 -8390.599609 -8390.599609 ) ( -8390.599609 9824.571167 8949.158203 )
	( -7742.005859 -7742.005859 -7742.005859 ) ( -7742.005859 10285.636963 9495.393555 )
	( -6911.465820 -6911.465820 -6911.465820 ) ( -6911.465820 10289.738281 9530.828125 )
	( -6458.210938 -6530.203125 -6458.210938 ) ( -6458.210938 10256.150818 9501.175781 )
	( -6226.410156 -6832.402344 -6226.410156 ) ( -6226.410156 10279.411072 9514.476562 )
	( -5712.791016 -7420.109375 -5712.791016 ) ( -5712.791016 10339.873718 9523.812500 )
	( -5289.896484 -8082.015625 -5289.896484 ) ( -5289.896484 10418.408020 9545.804688 )
	( -5246.699707 -8521.173828 -5246.699707 ) ( -5246.699707 10559.683472 9633.525391 )
	( -5249.765137 -8655.406250 -5249.765137 ) ( -5249.765137 10748.556152 9794.230469 )
	( -5250.691895 -8909.934570 -5250.691895 ) ( -5250.691895 10823.337830 9833.329102 )
	( -5264.397949 -9625.363281 -5264.397949 ) ( -5264.397949 10437.769043 9385.779297 )
	( -5260.064941 -11090.834961 -5260.064941 ) ( -5260.064941 9467.401001 8249.293945 )
	( -5275.108887 -12884.145020 -5275.108887 ) ( -5275.108887 8019.117432 6816.554199 )
	( -5717.198730 -14425.699219 -5717.198730 ) ( -5717.198730 7040.999756 5618.845703 )
	( -5638.332031 -8094.586914 -5638.332031 ) ( -5638.332031 14062.831177 12936.362305 )
	( -5355.333008 -7545.138672 -5355.333008 ) ( -5355.333008 14083.179565 12958.242188 )
	( -4831.405273 -13528.213867 -4831.405273 ) ( -4831.405273 8192.150757 7160.916992 )
	( -3992.556396 -15442.772461 -3992.556396 ) ( -3992.556396 6573.693726 5467.950195 )
	( -3240.113281 -18089.708984 -3240.113281 ) ( -3240.113281 3728.652222 2575.542969 )
	( -3339.645508 -24527.944336 -4155.547852 ) ( -3339.645508 -3087.649414 -3339.645508 )
	( -3493.348633 -24317.454834 -4030.505615 ) ( -3493.348633 -3002.254639 -3493.348633 )
	( -3584.464844 -20440.656494 -3584.464844 ) ( -3584.464844 1274.442627 204.827881 )
	( -3603.243652 -8030.030273 -3603.243652 ) ( -3603.243652 13755.523438 12651.094727 )
	( -3575.601074 -7451.529297 -3575.601074 ) ( -3575.601074 13631.430664 12589.162109 )
	( -3254.925293 -7586.086914 -3254.925293 ) ( -3254.925293 13512.283569 12471.670898 )
	( -2869.885498 -5918.904297 -2869.885498 ) ( -2869.885498 15599.996582 14498.699219 )
	( -2795.217285 -2795.217285 -2795.217285 ) ( -2795.217285 19431.874634 18320.142578 )
	( -2779.208984 -2779.208984 -2779.208984 ) ( -2779.208984 22492.795654 21403.982422 )
	( -3349.932373 -3349.932373 -3349.932373 ) ( -3349.932373 22769.525391 21718.748047 )
	( -4303.975586 -4303.975586 -4303.975586 ) ( -4303.975586 18598.547485 17534.126953 )
	( -5280.621582 -14670.564453 -5280.621582 ) ( -5280.621582 6185.008179 5076.216797 )
	( -5261.322754 -14220.208984 -5261.322754 ) ( -5261.322754 6104.370728 5085.814453 )
	( -5305.534180 -14260.562500 -5305.534180 ) ( -5305.534180 6087.407410 5076.193359 )
	( -5292.575195 -14792.160156 -5292.575195 ) ( -5292.575195 6061.913086 5022.066406 )
	( -4983.268066 -15286.624512 -4983.268066 ) ( -4983.268066 6104.772339 5012.311035 )
	( -4461.350586 -14800.455566 -4461.350586 ) ( -4461.350586 6980.888428 5905.372559 )
	( -4436.103516 -13163.213867 -4436.103516 ) ( -4436.103516 8801.641602 7740.260742 )
	( -5540.418945 -9983.943359 -5540.418945 ) ( -5540.418945 11991.029785 10935.039062 )
	( -6290.794922 -8158.344727 -6290.794922 ) ( -6290.794922 13778.306885 12703.916992 )
	( -7431.286133 -7431.286133 -7431.286133 ) ( -7431.286133 9021.246826 7433.354492 )
	( -6111.720215 -6815.447266 -6111.720215 ) ( -6111.720215 6859.236328 6278.339844 )
	( -5190.019043 -7896.616211 -5190.019043 ) ( -5190.019043 6821.981323 6099.941406 )
	( -5247.502930 -9964.726562 -5247.502930 ) ( -5247.502930 6081.131714 5290.570312 )
	( -5057.572266 -10815.812500 -5057.572266 ) ( -5057.572266 6809.628540 5973.187500 )
	( -4522.999023 -11519.825195 -4522.999023 ) ( -4522.999023 8533.139893 7574.999023 )
	( -4431.529297 -11996.961914 -4431.529297 ) ( -4431.529297 9963.231689 8824.086914 )
	( -5291.537109 -11050.619141 -5291.537109 ) ( -5291.537109 11350.580078 10209.994141 )
	( -5468.824219 -14915.390625 -5468.824219 ) ( -5468.824219 6554.804688 5186.958984 )
	( -5248.564941 -14950.584961 -5248.564941 ) ( -5248.564941 6120.913086 5063.985352 )
	( -5226.375488 -14666.593750 -5226.375488 ) ( -5226.375488 6161.230225 5075.746094 )
	( -5197.862793 -13147.102539 -5197.862793 ) ( -5197.862793 6131.458984 5094.139648 )
	( -5141.592285 -9902.281738 -5141.592285 ) ( -5141.592285 6235.844604 5424.396973 )
	( -5042.267090 -6882.752930 -5042.267090 ) ( -5042.267090 6495.103394 5949.856445 )
	( -5188.157227 -6122.838379 -5188.157227 ) ( -5188.157227 6827.383301 6287.555176 )
	( -5584.527344 -6208.831055 -5584.527344 ) ( -5584.527344 6898.921265 6367.210938 )
	( -5973.994629 -6438.794434 -5973.994629 ) ( -5973.994629 6896.224609 6346.166504 )
	( -6251.997070 -6527.696289 -6251.997070 ) ( -6251.997070 6831.572266 6286.762695 )
	( -5906.775391 -6483.867676 -5906.775391 ) ( -5906.775391 7079.515320 6490.979980 )
	( -5061.867188 -7331.160156 -5061.867188 ) ( -5061.867188 7956.125671 7016.463867 )
	( -6591.231934 -7543.987305 -6591.231934 ) ( -6591.231934 9008.582886 8113.488281 )
	( -7094.845215 -7245.250000 -7094.845215 ) ( -7094.845215 9410.826172 8446.482422 )
	( -7452.239746 -7452.239746 -7452.239746 ) ( -7452.239746 9264.186890 8295.972656 )
	( -7751.138184 -7751.138184 -7751.138184 ) ( -7751.138184 9685.679138 8889.650391 )
	( -8000.405762 -8000.405762 -8000.405762 ) ( -8000.405762 10203.911804 9477.384766 )
	( -8254.337891 -8254.337891 -8254.337891 ) ( -8254.337891 11073.331909 10117.640625 )
	( -8542.113281 -8542.113281 -8542.113281 ) ( -8542.113281 13356.402344 13228.163086 )
	( -8909.919922 -8909.919922 -8909.919922 ) ( -8909.919922 15080.404785 14863.030273 )
	( -8813.454102 -8813.454102 -8813.454102 ) ( -8813.454102 14960.403320 15409.257812 )
	( -8629.431641 -8629.431641 -8629.431641 ) ( -8629.431641 16849.103516 16487.480469 )
	( -8518.019531 -8518.019531 -8518.019531 ) ( -8518.019531 17333.867188 16767.843750 )
	( -8473.495117 -8473.495117 -8473.495117 ) ( -8473.495117 17291.231445 16828.585938 )
	( -8418.914062 -8418.914062 -8418.914062 ) ( -8418.914062 17468.083984 16845.828125 )
	( -8414.328125 -8414.328125 -8414.328125 ) ( -8414.328125 17294.455078 16831.126953 )
	( -8428.985352 -8428.985352 -8428.985352 ) ( -8428.985352 17217.636719 16837.501953 )
	( -8364.144531 -8364.144531 -8364.144531 ) ( -8364.144531 17259.946289 16924.697266 )
	( -8261.717773 -8261.717773 -8261.717773 ) ( -8261.717773 17320.336914 17053.437500 )
	( -8227.436523 -8227.436523 -8227.436523 ) ( -8227.436523 17356.618164 17095.554688 )
	( -8381.026367 -8381.026367 -8381.026367 ) ( -8381.026367 17316.076660 16972.996094 )
	( -8667.259766 -8667.259766 -8667.259766 ) ( -8667.259766 20441.486328 20073.609375 )
	( -9078.777344 -9078.777344 -9078.777344 ) ( -9078.777344 16738.520996 16149.294922 )
	( -9464.945312 -9464.945312 -9464.945312 ) ( -9464.945312 16286.622559 15574.896484 )
	( -9588.783203 -9588.783203 -9588.783203 ) ( -9588.783203 15805.210449 14986.476562 )
	( -9394.270508 -9394.270508 -9394.270508 ) ( -9394.270508 15186.103027 14301.591797 )
	( -8986.031250 -8986.031250 -8986.031250 ) ( -8986.031250 14443.796387 13534.591797 )
	( -8555.189453 -8555.189453 -8555.189453 ) ( -8555.189453 13801.635010 12910.544922 )
	( -8230.881836 -8230.881836 -8230.881836 ) ( -8230.881836 13259.354248 12402.036133 )
	( -7996.004883 -7996.004883 -7996.004883 ) ( -7996.004883 12682.611450 11910.435547 )
	( -7909.960938 -7909.960938 -7909.960938 ) ( -7909.960938 11799.775879 11164.932617 )
	( -8190.852539 -8190.852539 -8190.852539 ) ( -8190.852539 10017.136292 9514.891602 )
	( -8188.993164 -8188.993164 -8188.993164 ) ( -8188.993164 9106.025757 8507.577148 )
	( -8161.019531 -8161.019531 -8161.019531 ) ( -8161.019531 8270.168945 7454.854004 )
	( -8210.089844 -8210.089844 -8210.089844 ) ( -8210.089844 7240.463684 6449.447266 )
	( -8283.495117 -8283.495117 -8283.495117 ) ( -8283.495117 7273.519165 6514.032227 )
	( -8337.799805 -8337.799805 -8337.799805 ) ( -8337.799805 7211.583679 6511.706055 )
	( -8274.128906 -8274.128906 -8274.128906 ) ( -8274.128906 7137.345093 6503.941895 )
	( -8074.824707 -8074.824707 -8074.824707 ) ( -8074.824707 7067.707214 6484.623535 )
	( -7822.440918 -7822.440918 -7822.440918 ) ( -7822.440918 7083.157471 6453.720703 )
	( -7476.038086 -7476.038086 -7476.038086 ) ( -7476.038086 7103.946167 6452.014160 )
	( -7076.097656 -7076.097656 -7076.097656 ) ( -7076.097656 7075.559021 6434.105957 )
	( -6732.240723 -6732.240723 -6732.240723 ) ( -6732.240723 7019.587769 6409.656250 )
	( -6523.007324 -6523.007324 -6523.007324 ) ( -6523.007324 6958.000366 6384.586914 )
	( -6416.481445 -6416.481445 -6416.481445 ) ( -6416.481445 6909.975952 6356.228027 )
	( -6360.255859 -6397.781738 -6360.255859 ) ( -6360.255859 6873.785889 6321.671387 )
	( -6335.134766 -6478.869629 -6335.134766 ) ( -6335.134766 6832.617371 6287.267090 )
	( -6321.480469 -6505.831055 -6321.480469 ) ( -6321.480469 6837.199463 6281.466797 )
	( -6332.343262 -6591.862305 -6332.343262 ) ( -6332.343262 6813.089844 6263.110352 )
	( -6397.604980 -6978.087891 -6397.604980 ) ( -6397.604980 6880.709473 6287.603516 )
	( -6318.648438 -7753.232422 -6318.648438 ) ( -6318.648438 6975.393127 6299.167969 )
	( -5980.952637 -8723.731445 -5980.952637 ) ( -5980.952637 7043.464661 6293.835938 )
	( -5467.357422 -9820.579102 -5467.357422 ) ( -5467.357422 7112.544739 6291.002930 )
	( -5089.550781 -11012.435059 -5089.550781 ) ( -5089.550781 7162.585083 6303.146973 )
	( -5103.246582 -12129.483398 -5103.246582 ) ( -5103.246582 7294.179810 6290.653320 )
	( -5158.051270 -13360.098145 -5158.051270 ) ( -5158.051270 7287.536255 6075.591309 )
	( -5252.729004 -14363.488281 -5252.729004 ) ( -5252.729004 6804.214600 5606.519531 )
	( -4298.122070 -13948.373047 -4298.122070 ) ( -4298.122070 8613.617188 6555.228516 )
	( -5395.446289 -7385.635742 -5395.446289 ) ( -5395.446289 13722.923828 12704.024414 )
	( -6062.243164 -11569.600586 -6062.243164 ) ( -6062.243164 9732.312256 8694.161133 )
	( -7076.938477 -16008.473633 -7076.938477 ) ( -7076.938477 5643.112671 4507.788086 )
	( -7318.084961 -18035.739990 -7318.084961 ) ( -7318.084961 3236.947388 2118.412354 )
	( -6777.157715 -20991.486328 -6777.157715 ) ( -6777.157715 765.704590 -346.339844 )
	( -6853.096191 -22068.805664 -6853.096191 ) ( -6853.096191 -240.446899 -1308.723633 )
	( -5948.607422 -22431.881348 -5948.607422 ) ( -5948.607422 391.188965 -691.268066 )
	( -5327.369141 -20086.591309 -5327.369141 ) ( -5327.369141 2955.293945 1888.619629 )
	( -5287.593750 -16388.933594 -5287.593750 ) ( -5287.593750 5542.679443 4481.441406 )
	( -5285.412109 -14940.685059 -5285.412109 ) ( -5285.412109 6152.569580 5091.072754 )
	( -5280.571289 -14862.256836 -5280.571289 ) ( -5280.571289 6093.409912 5052.690430 )
	( -7203.338379 -11686.417969 -7203.338379 ) ( -7203.338379 10586.162476 8654.099609 )
	( -3947.862305 -8283.472656 -3947.862305 ) ( -3947.862305 13725.672974 12661.107422 )
	( -5946.558105 -8635.160156 -5946.558105 ) ( -5946.558105 13742.435791 12665.792969 )
	( -8022.019531 -9254.987305 -8022.019531 ) ( -8022.019531 13718.428467 12649.696289 )
	( -7871.103516 -10123.262695 -7871.103516 ) ( -7871.103516 13741.116089 12671.202148 )
	( -6843.256836 -11436.594727 -6843.256836 ) ( -6843.256836 13748.940674 12688.383789 )
	( -5907.310547 -11842.289062 -5907.310547 ) ( -5907.310547 13711.383179 12681.085938 )
	( -5607.523438 -10747.619141 -5607.523438 ) ( -5607.523438 13703.662598 12683.513672 )
	( -5404.681641 -9336.229492 -5404.681641 ) ( -5404.681641 13684.161621 12679.770508 )
	( -5270.269531 -8833.999023 -5270.269531 ) ( -5270.269531 13688.793518 12684.625977 )
	( -5119.955078 -8917.466797 -5119.955078 ) ( -5119.955078 13697.529053 12680.646484 )
	( -4946.842285 -9234.895508 -4946.842285 ) ( -4946.842285 13718.812500 12685.780273 )
	( -4802.840820 -9492.844727 -4802.840820 ) ( -4802.840820 13712.540161 12679.659180 )
	( -4735.582520 -9541.580078 -4735.582520 ) ( -4735.582520 13724.821289 12685.041016 )
	( -4707.315918 -9544.350586 -4707.315918 ) ( -4707.315918 13726.520020 12692.208008 )
	( -4726.448242 -9544.905273 -4726.448242 ) ( -4726.448242 13740.869141 12698.700195 )
	( -4747.600098 -9547.261719 -4747.600098 ) ( -4747.600098 13734.603149 12693.082031 )
	( -4756.560059 -9553.856445 -4756.560059 ) ( -4756.560059 13715.641602 12675.764648 )
	( -4758.505859 -9536.394531 -4758.505859 ) ( -4758.505859 13698.279785 12664.933594 )
	( -4725.909668 -9445.994141 -4725.909668 ) ( -4725.909668 13684.711792 12652.527344 )
	( -4709.930664 -9304.541016 -4709.930664 ) ( -4709.930664 13672.218018 12648.892578 )
	( -4700.488770 -9149.883789 -4700.488770 ) ( -4700.488770 13644.003906 12628.219727 )
	( -4664.199219 -8906.112305 -4664.199219 ) ( -4664.199219 13606.973572 12610.895508 )
	( -4649.288086 -8421.559570 -4649.288086 ) ( -4649.288086 13600.615540 12604.549805 )
	( -4730.087402 -7733.127930 -4730.087402 ) ( -4730.087402 13569.020691 12590.973633 )
	( -5275.726562 -7541.640625 -5275.726562 ) ( -5275.726562 13624.254028 12646.992188 )
	( -6267.399414 -8222.762695 -6267.399414 ) ( -6267.399414 13734.499939 12741.616211 )
	( -6839.623047 -7794.478516 -6839.623047 ) ( -6839.623047 13811.146790 12823.486328 )
	( -6947.039062 -7765.435547 -6947.039062 ) ( -6947.039062 13819.066223 12830.279297 )
	( -6887.253906 -7893.488281 -6887.253906 ) ( -6887.253906 13819.012634 12828.394531 )
	( -6832.130859 -8002.711914 -6832.130859 ) ( -6832.130859 13819.699585 12824.803711 )
	( -6722.687500 -8009.906250 -6722.687500 ) ( -6722.687500 13819.969116 12819.082031 )
	( -6625.083984 -8028.413086 -6625.083984 ) ( -6625.083984 13813.324707 12813.846680 )
	( -6693.250977 -8040.522461 -6693.250977 ) ( -6693.250977 13810.959351 12815.950195 )
	( -6887.945312 -8030.275391 -6887.945312 ) ( -6887.945312 13809.849854 12817.083984 )
	( -6877.214844 -8027.211914 -6877.214844 ) ( -6877.214844 13808.818054 12815.047852 )
	( -6606.008789 -8143.985352 -6606.008789 ) ( -6606.008789 13787.227234 12779.958008 )
	( -6210.377930 -8138.822266 -6210.377930 ) ( -6210.377930 13785.495667 12768.638672 )
	( -5689.930664 -7780.672852 -5689.930664 ) ( -5689.930664 13767.219849 12751.698242 )
	( -4975.562500 -6751.756836 -4975.562500 ) ( -4975.562500 13749.508606 12734.221680 )
	( -4167.969727 -6619.087891 -4167.969727 ) ( -4167.969727 13743.397522 12722.253906 )
	( -3611.195312 -6502.015625 -3611.195312 ) ( -3611.195312 13729.701416 12714.421875 )
	( -3272.189453 -6426.038086 -3272.189453 ) ( -3272.189453 13733.366089 12723.456055 )
	( -3175.599121 -7549.193359 -3175.599121 ) ( -3175.599121 13710.294495 12695.474609 )
	( -3181.511719 -9762.042969 -3181.511719 ) ( -3181.511719 13715.155518 12691.070312 )
	( -3179.690918 -12081.470703 -3179.690918 ) ( -3179.690918 13694.140686 12677.509766 )
	( -3171.566895 -13806.068359 -3171.566895 ) ( -3171.566895 13671.291443 12657.423828 )
	( -3168.884766 -14325.296875 -3168.884766 ) ( -3168.884766 13716.284912 12671.429688 )
	( -3167.165039 -14129.319336 -3167.165039 ) ( -3167.165039 13702.018921 12671.364258 )
	( -3170.589111 -13669.908203 -3170.589111 ) ( -3170.589111 13701.341797 12668.613281 )
	( -3177.683105 -12816.134766 -3177.683105 ) ( -3177.683105 13716.721680 12662.169922 )
	( -3301.048828 -10597.021484 -3301.048828 ) ( -3301.048828 13735.265137 12663.660156 )
	( -3437.999512 -7956.537109 -3437.999512 ) ( -3437.999512 13734.317383 12664.273438 )
	( -3371.619141 -7981.702148 -3371.619141 ) ( -3371.619141 13722.742554 12666.766602 )
	( -3427.601074 -8156.868164 -3427.601074 ) ( -3427.601074 13724.108032 12653.151367 )
	( -3545.495605 -8228.725586 -3545.495605 ) ( -3545.495605 13731.361084 12657.885742 )
	( -3580.738281 -8263.704102 -3580.738281 ) ( -3580.738281 13721.283081 12648.584961 )
	( -3595.703613 -8254.719727 -3595.703613 ) ( -3595.703613 13724.089966 12653.729492 )
	( -3677.514648 -8303.808594 -3677.514648 ) ( -3677.514648 13699.762451 12621.597656 )
	( -3861.575195 -8493.303711 -3861.575195 ) ( -3861.575195 13757.815430 12591.754883 )
	( -4096.904297 -9158.270508 -4096.904297 ) ( -4096.904297 13688.991699 12559.768555 )
	( -4334.374023 -10104.878906 -4334.374023 ) ( -4334.374023 13713.753540 12595.556641 )
	( -4482.786133 -10358.028320 -4482.786133 ) ( -4482.786133 13717.788086 12568.592773 )
	( -4487.082031 -10297.565430 -4487.082031 ) ( -4487.082031 13720.646240 12582.477539 )
	( -4471.642578 -10336.855469 -4471.642578 ) ( -4471.642578 13709.612305 12573.171875 )
	( -4564.236328 -10430.278320 -4564.236328 ) ( -4564.236328 13736.807617 12576.319336 )
	( -4694.990234 -10580.577148 -4694.990234 ) ( -4694.990234 13744.355469 12582.665039 )
	( -4952.612305 -9707.995117 -4952.612305 ) ( -4952.612305 13762.979736 12601.801758 )
	( -5164.770508 -8724.273438 -5164.770508 ) ( -5164.770508 13752.617065 12612.052734 )
	( -5206.418457 -8777.007812 -5206.418457 ) ( -5206.418457 13689.978516 12624.222656 )
	( -5340.440430 -10072.903320 -5340.440430 ) ( -5340.440430 13864.823120 12720.463867 )
	( -5110.674805 -15872.820312 -5110.674805 ) ( -5110.674805 14041.482178 12803.457031 )
	( -4754.340820 -16182.861328 -4754.340820 ) ( -4754.340820 13997.393555 12801.380859 )
	( -4645.511719 -15557.355469 -4645.511719 ) ( -4645.511719 13991.881592 12798.695312 )
	( -4679.502930 -14623.815430 -4679.502930 ) ( -4679.502930 13950.394897 12767.571289 )
	( -4662.681641 -12752.527344 -4662.681641 ) ( -4662.681641 13848.897217 12730.421875 )
	( -4498.616211 -10570.567383 -4498.616211 ) ( -4498.616211 13748.568359 12721.471680 )
	( -4122.471680 -8393.826172 -4122.471680 ) ( -4122.471680 13802.088867 12726.121094 )
	( -3709.985352 -8188.757812 -3709.985352 ) ( -3709.985352 13852.043945 12728.263672 )
	( -3532.905762 -8162.821289 -3532.905762 ) ( -3532.905762 13801.770020 12689.963867 )
	( -3519.357422 -8204.055664 -3519.357422 ) ( -3519.357422 13767.726196 12680.645508 )
	( -3571.343750 -8259.632812 -3571.343750 ) ( -3571.343750 13724.224854 12652.845703 )
	( -3580.738281 -8249.951172 -3580.738281 ) ( -3580.738281 13725.563721 12647.355469 )
	( -3580.738770 -8272.769531 -3580.738770 ) ( -3580.738770 13716.942139 12650.767578 )
	( -3580.738770 -8254.023438 -3580.738770 ) ( -3580.738770 13733.426392 12650.767578 )
	( -5519.964844 -8469.051758 -5519.964844 ) ( -5519.964844 13718.802490 12644.741211 )
	( -5604.493164 -8522.939453 -5604.493164 ) ( -5604.493164 13712.154053 12653.955078 )
	( -5250.500977 -8312.410156 -5250.500977 ) ( -5250.500977 13710.703125 12652.314453 )
	( -4492.890625 -8222.084961 -4492.890625 ) ( -4492.890625 13696.202759 12632.366211 )
	( -3350.815186 -8370.548828 -3350.815186 ) ( -3350.815186 13693.338867 12631.453125 )
	( -3155.402588 -8524.245117 -3155.402588 ) ( -3155.402588 13675.254150 12615.678711 )
	( -3154.571289 -8823.798828 -3154.571289 ) ( -3154.571289 13654.355713 12605.029297 )
	( -3154.716797 -8935.847656 -3154.716797 ) ( -3154.716797 13650.446777 12599.638672 )
	( -3153.691895 -8915.150391 -3153.691895 ) ( -3153.691895 13644.400635 12598.177734 )
	( -3162.865723 -8936.337891 -3162.865723 ) ( -3162.865723 13657.780273 12601.443359 )
	( -3161.531494 -8953.563477 -3161.531494 ) ( -3161.531494 13653.612305 12599.899414 )
	( -3159.521729 -8921.314453 -3159.521729 ) ( -3159.521729 13657.602539 12598.439453 )
	( -3151.005371 -8748.166016 -3151.005371 ) ( -3151.005371 13645.254761 12591.521484 )
	( -3157.505615 -8801.190430 -3157.505615 ) ( -3157.505615 13635.423340 12590.791992 )
	( -3156.966553 -8750.186523 -3156.966553 ) ( -3156.966553 13650.308838 12590.979492 )
	( -3161.174316 -8857.222656 -3161.174316 ) ( -3161.174316 13654.500732 12597.416016 )
	( -3160.228027 -8886.409180 -3160.228027 ) ( -3160.228027 13647.737793 12595.719727 )
	( -6650.577637 -15908.750000 -6650.577637 ) ( -6650.577637 5990.338379 4883.269531 )
	( -8604.447266 -15887.588867 -8604.447266 ) ( -8604.447266 5983.290771 4881.508789 )
	( -9910.218750 -15816.234375 -9910.218750 ) ( -9910.218750 5988.732544 4892.664062 )
	( -10652.107422 -16041.734375 -10652.107422 ) ( -10652.107422 5962.589722 4863.787109 )
	( -10981.679688 -17049.759766 -10981.679688 ) ( -10981.679688 5979.919922 4883.349609 )
	( -10967.125000 -18216.261719 -10967.125000 ) ( -10967.125000 5955.823853 4863.398438 )
	( -10604.664062 -19135.597656 -10604.664062 ) ( -10604.664062 5963.889648 4871.798828 )
	( -9936.838867 -19849.632324 -9936.838867 ) ( -9936.838867 5972.500000 4871.355957 )
	( -9075.802734 -20554.199707 -9075.802734 ) ( -9075.802734 5960.319824 4860.632324 )
	( -8070.368164 -21077.292969 -8070.368164 ) ( -8070.368164 5961.062012 4860.103516 )
	( -7119.779297 -21523.686035 -7119.779297 ) ( -7119.779297 5967.357178 4867.395996 )
	( -5905.862793 -22744.949707 -5905.862793 ) ( -5905.862793 6002.277100 4873.081543 )
	( -2934.763184 -15709.792969 -2934.763184 ) ( -2934.763184 5977.618896 4892.052734 )
	( -2932.804199 -15506.997070 -2932.804199 ) ( -2932.804199 6020.335938 4936.997070 )
	( -2893.150391 -15531.022949 -2893.150391 ) ( -2893.150391 6197.174561 4988.715332 )
	( -2839.521484 -15819.560547 -2839.521484 ) ( -2839.521484 6315.056396 5095.228516 )
	( -2770.254395 -16962.448242 -2770.254395 ) ( -2770.254395 6659.946167 5520.723633 )
	( -2782.330078 -18260.099609 -2782.330078 ) ( -2782.330078 7056.674194 5948.351562 )
	( -2820.893066 -18445.232422 -2820.893066 ) ( -2820.893066 6861.895386 5756.158203 )
	( -4754.400391 -16347.886230 -4754.400391 ) ( -4754.400391 6299.595215 5191.824707 )
	( -6429.017578 -14910.732422 -6429.017578 ) ( -6429.017578 7254.877808 6137.279297 )
	( -1778.907715 -10621.113281 -1778.907715 ) ( -1778.907715 11484.776855 10248.923828 )
	( -1446.919922 -10061.148438 -1446.919922 ) ( -1446.919922 11871.718506 10712.019531 )
	( -1378.397949 -9771.687500 -1378.397949 ) ( -1378.397949 12098.530762 10994.265625 )
	( -1456.349854 -9479.894531 -1456.349854 ) ( -1456.349854 12394.946167 11279.363281 )
	( -1631.045410 -9133.777344 -1631.045410 ) ( -1631.045410 12711.818848 11603.863281 )
	( -1918.450684 -8707.613281 -1918.450684 ) ( -1918.450684 13094.390137 11985.716797 )
	( -2575.634766 -8244.287109 -2575.634766 ) ( -2575.634766 13600.301147 12460.304688 )
	( -3385.254883 -7892.054688 -3385.254883 ) ( -3385.254883 14046.688721 12846.242188 )
	( -3959.682617 -7803.515625 -3959.682617 ) ( -3959.682617 14238.451416 12968.572266 )
	( -3886.700195 -8235.925781 -3886.700195 ) ( -3886.700195 13847.601807 12547.402344 )
	( -3279.233398 -9218.308594 -3279.233398 ) ( -3279.233398 13172.763672 11843.906250 )
	( -3059.455566 -10579.574219 -3059.455566 ) ( -3059.455566 12489.614258 11169.082031 )
	( -3740.793457 -11015.640625 -3740.793457 ) ( -3740.793457 12286.648926 10948.900391 )
	( -3992.896973 -10907.009766 -3992.896973 ) ( -3992.896973 12462.511353 11129.693359 )
	( -4002.989746 -10793.714844 -4002.989746 ) ( -4002.989746 12575.082520 11278.199219 )
	( -3990.347168 -10734.447266 -3990.347168 ) ( -3990.347168 12576.235596 11302.216797 )
	( -3980.743652 -10827.671875 -3980.743652 ) ( -3980.743652 12396.489014 11173.439453 )
	( -3984.869629 -10826.546875 -3984.869629 ) ( -3984.869629 12270.310791 11086.775391 )
	( -3990.210449 -10828.341797 -3990.210449 ) ( -3990.210449 12131.840942 10995.630859 )
	( -3977.266113 -10791.785156 -3977.266113 ) ( -3977.266113 12042.000244 10937.371094 )
	( -3978.580566 -10748.089844 -3978.580566 ) ( -3978.580566 12023.217773 10907.195312 )
	( -3981.212402 -10747.849609 -3981.212402 ) ( -3981.212402 12018.141357 10908.283203 )
	( -3984.359863 -10736.638672 -3984.359863 ) ( -3984.359863 12032.859985 10919.529297 )
	( -3987.839355 -10732.890625 -3987.839355 ) ( -3987.839355 12036.849854 10923.298828 )
	( -3974.189941 -10714.164062 -3974.189941 ) ( -3974.189941 12055.086182 10942.023438 )
	( -3985.162598 -10695.380859 -3985.162598 ) ( -3985.162598 12069.062256 10953.285156 )
	( -3982.792480 -10687.843750 -3982.792480 ) ( -3982.792480 12070.112061 10953.285156 )
	( -4958.280273 -11308.419922 -4958.280273 ) ( -4958.280273 9879.079407 9612.632812 )
	( -4363.065430 -15516.142090 -4363.065430 ) ( -4363.065430 5871.746338 4724.705566 )
	( -4535.914551 -14222.005859 -4535.914551 ) ( -4535.914551 7621.278687 6247.505859 )
	( -4104.422363 -11749.501953 -4104.422363 ) ( -4104.422363 9184.825439 9147.822266 )
	( -3948.954590 -11772.429688 -3948.954590 ) ( -3948.954590 9764.527344 8727.560547 )
	( -4544.815430 -15165.285156 -4544.815430 ) ( -4544.815430 6619.376709 5194.898438 )
	( -7800.312500 -10013.048828 -7800.312500 ) ( -7800.312500 11785.072510 10683.404297 )
	( -5763.778320 -8075.669922 -5763.778320 ) ( -5763.778320 13756.645752 12668.728516 )
	( -5919.017578 -6633.718750 -5919.017578 ) ( -5919.017578 13608.504700 12671.257812 )
	( -5700.770508 -5700.770508 -5700.770508 ) ( -5700.770508 13751.144653 12794.104492 )
	( -5664.366211 -7704.199219 -5664.366211 ) ( -5664.366211 11607.233398 10552.785156 )
	( -6321.459961 -13553.281250 -6321.459961 ) ( -6321.459961 6122.573242 5070.078125 )
	( -6504.835938 -13917.983398 -6504.835938 ) ( -6504.835938 5972.152222 5054.817383 )
	( -6073.956055 -23446.265625 -6073.956055 ) ( -6073.956055 -2673.795898 -3938.128906 )
	( -5532.869141 -25288.301758 -5532.869141 ) ( -5532.869141 -3451.398315 -4441.459961 )
	( -5047.535156 -29933.554688 -10255.277344 ) ( -5047.535156 -5047.535156 -5047.535156 )
	( -4723.434570 -40209.929688 -19056.580078 ) ( -4723.434570 -4723.434570 -4723.434570 )
	( -4428.329102 -36670.930664 -13745.528320 ) ( -4428.329102 -4428.329102 -4428.329102 )
	( -5775.634766 -8231.492188 -5775.634766 ) ( -5775.634766 13789.568481 12667.423828 )
	( -6066.690430 -6923.548828 -6066.690430 ) ( -6066.690430 13683.371033 12688.830078 )
	( -5829.255859 -5829.255859 -5829.255859 ) ( -5829.255859 13687.354919 12751.383789 )
	( -4990.008789 -10456.090820 -4990.008789 ) ( -4990.008789 10744.053833 9452.829102 )
	( -4565.310547 -15521.420898 -4565.310547 ) ( -4565.310547 8279.382080 6950.793945 )
	( -4173.948242 -16428.018555 -4173.948242 ) ( -4173.948242 5677.250122 7285.526367 )
	( -3857.624756 -16955.183105 -3857.624756 ) ( -3857.624756 5211.228638 6693.070801 )
	( -3808.556396 -16621.004883 -3808.556396 ) ( -3808.556396 6635.259277 6586.838867 )
	( -4123.903320 -16752.736328 -4123.903320 ) ( -4123.903320 5711.435181 6939.947266 )
	( -3249.823486 -24359.325195 -8044.731445 ) ( -3249.823486 -3249.823486 -3249.823486 )
	( -3353.704346 -27762.458984 -12969.560547 ) ( -3353.704346 -3353.704346 -3353.704346 )
	( -3451.747070 -27540.470703 -12927.748047 ) ( -3451.747070 -3451.747070 -3451.747070 )
	( -3037.514893 -27228.681641 -10702.892578 ) ( -3037.514893 -3037.514893 -3037.514893 )
	( -2484.104004 -16878.701172 -2484.104004 ) ( -2484.104004 2877.049805 1703.197266 )
	( -2673.046143 -14735.740723 -2673.046143 ) ( -2673.046143 4946.968384 5236.093262 )
	( -3088.842041 -20594.566284 -3088.842041 ) ( -3088.842041 925.890503 1655.045044 )
	( -4074.953125 -19157.954346 -4074.953125 ) ( -4074.953125 2410.836182 2732.479248 )
	( -5149.881836 -12319.838867 -5149.881836 ) ( -5149.881836 6045.274536 4838.014648 )
	( -5238.745605 -13626.408203 -5238.745605 ) ( -5238.745605 5591.324829 4634.007812 )
	( -5250.190430 -15370.574219 -5250.190430 ) ( -5250.190430 5687.658691 4622.902344 )
	( -3785.785156 -16584.651367 -3785.785156 ) ( -3785.785156 7089.135742 4977.272461 )
	( -2969.458984 -23153.154785 -2969.458984 ) ( -2969.458984 350.379395 -716.475098 )
	( -2977.222900 -28504.154785 -6882.787598 ) ( -2977.222900 -2977.222900 -2977.222900 )
	( -3019.525391 -34794.540039 -11173.584961 ) ( -3019.525391 -3019.525391 -3019.525391 )
	( -3710.649414 -36091.179688 -12532.792969 ) ( -3710.649414 -3710.649414 -3710.649414 )
	( -3162.410645 -28594.483398 -12460.234375 ) ( -3162.410645 -3162.410645 -3162.410645 )
	( -3307.922852 -27913.802734 -12602.134766 ) ( -3307.922852 -3307.922852 -3307.922852 )
	( -3328.260254 -28091.462891 -12691.583984 ) ( -3328.260254 -3328.260254 -3328.260254 )
	( -3320.544922 -28094.422852 -12780.267578 ) ( -3320.544922 -3320.544922 -3320.544922 )
}

baseframe {
	-0.157500 -8.167501 0.645000 -0.707107 -0.000000 -0.000000
	-0.000747 -0.000245 0.000926 0.015629 -0.418719 0.898442
	-747.264282 -4138.766113 991.584839 -0.367122 -0.000000 0.462792
	0.004761 1447.999756 -0.000320 0.184560 0.468045 0.005830
	-0.003830 1541.000977 0.040405 0.047980 -0.649876 -0.258464
	0.000366 3679.998291 -0.013824 0.320361 0.011523 0.019594
	0.029907 3354.000977 0.017090 -0.165005 0.176963 -0.177959
	-747.263000 -4138.769531 991.587036 -0.993764 0.075978 0.025314
	0.000809 1194.000610 0.011780 0.098842 0.137990 -0.061065
	-747.263428 -4138.770996 991.585266 0.022969 -0.000000 -0.525344
	0.018723 1448.002686 -0.036331 0.158427 -0.288901 0.094838
	0.043365 1541.000244 0.006664 -0.312566 -0.207592 0.352087
	-0.007080 3680.001709 0.010254 0.492125 0.061159 0.179791
	0.011749 3353.999268 0.031250 -0.346013 0.071324 0.134563
	-0.000015 0.000609 0.000926 0.271231 0.607031 -0.711817
	-239.125656 3183.082031 298.776978 -0.494703 0.000000 0.510801
	0.036530 1096.999268 0.026577 0.627801 0.306307 -0.389902
	0.000854 5360.001953 0.002869 -0.047679 -0.032873 -0.036077
	-0.001190 7728.996094 0.004242 -0.304584 -0.192285 -0.010074
	-239.124329 3183.080811 298.776031 0.111250 -0.000000 -0.719389
	0.005904 1097.000122 -0.005890 0.165382 0.042518 0.756372
	-0.001059 5360.001465 0.000031 -0.699205 0.007362 -0.164973
	0.000702 7729.002441 0.009506 0.034547 0.186691 -0.162037
}

frame 0 {
	-0.067440 -7.824380 0.560425 -0.707107 -0.000000 -0.000000
	-0.000490 -0.000440 0.000998 0.039165 -0.419530 0.894524
	-747.264832 -4138.766113 991.582336 -0.367122 -0.000000 0.462792
	0.003723 1448.000244 0.000443 0.184560 0.468045 0.005830
	-0.002991 1541.000122 0.039246 -0.010236 -0.470437 -0.334484
	0.001251 3679.997559 -0.013489 0.428785 0.010987 0.026227
	0.029846 3354.000977 0.017883 -0.165005 0.176963 -0.177959
	-747.262756 -4138.770996 991.584045 -0.993764 0.075978 0.025314
	0.000549 1194.001831 0.012691 0.091454 0.027975 -0.071659
	-747.263489 -4138.770996 991.580872 0.022968 -0.000000 -0.525344
	0.016937 1448.001709 -0.039520 0.158427 -0.288901 0.094839
	0.044678 1541.003174 0.005844 -0.274022 -0.119624 0.416800
	-0.006378 3680.004150 0.010315 0.372987 0.065900 0.136265
	0.010094 3353.998779 0.033356 -0.290969 0.084625 0.145440
	0.000075 0.000414 0.001974 0.278686 0.605118 -0.708975
	-239.125595 3183.082275 298.777039 -0.494703 0.000000 0.510801
	0.035406 1096.999268 0.023596 0.607151 0.358499 -0.371430
	0.000122 5360.002441 0.001099 -0.326936 -0.030037 -0.247380
	-0.000946 7728.996582 0.005203 -0.188062 -0.173202 0.135051
	-239.124420 3183.081055 298.776093 0.111250 -0.000000 -0.719389
	0.009815 1097.000610 -0.005493 0.288491 -0.091474 0.773085
	-0.000847 5360.000000 0.001816 -0.827835 0.005566 -0.195322
	0.000809 7729.001465 0.009583 0.154704 0.171170 -0.159022
}

frame 1 {
	0.082438 -8.009815 0.652098 -0.707107 -0.000000 -0.000000
	0.000118 -0.000716 0.000175 0.214937 0.390756 -0.893595
	-747.264160 -4138.768555 991.583069 -0.367122 -0.000000 0.462792
	0.003723 1448.000122 -0.000786 0.184560 0.468045 0.005830
	-0.001160 1541.000977 0.038643 0.110001 -0.102964 -0.431282
	0.001190 3679.998535 -0.013489 0.581281 0.009890 0.035556
	0.028076 3354.000977 0.017578 -0.165005 0.176963 -0.177959
	-747.261719 -4138.769531 991.582764 -0.993764 0.075978 0.025314
	0.000465 1193.996094 0.012650 0.073677 -0.188657 -0.089838
	-747.262634 -4138.770996 991.580872 0.022968 -0.000000 -0.525344
	0.017700 1448.002441 -0.037903 0.158427 -0.288901 0.094839
	0.045593 1541.001465 0.004852 -0.248629 0.068646 0.395684
	-0.005371 3680.003906 0.007553 0.336567 0.067036 0.122959
	0.009445 3353.997070 0.033691 -0.174069 0.111115 0.166239
	-0.000096 0.000504 0.001151 0.142330 0.630795 -0.749727
	-239.125580 3183.082275 298.777039 -0.494703 0.000000 0.510801
	0.036633 1096.999268 0.024143 0.547853 0.134056 -0.472759
	0.000931 5360.001465 0.001495 -0.261236 -0.031115 -0.197667
	-0.001892 7728.996582 0.005646 -0.152832 -0.255758 0.171753
	-239.124634 3183.081055 298.776367 0.111250 -0.000000 -0.719389
	0.006279 1097.000854 -0.005798 0.322216 -0.349663 0.717941
	-0.000977 5360.000488 0.001923 -0.766922 0.006516 -0.180950
	0.000076 7729.003906 0.010208 0.104191 0.150717 -0.166914
}

frame 2 {
	0.136869 -8.173109 0.958040 -0.707107 -0.000000 -0.000000
	-0.000195 0.000478 0.000272 0.304179 0.369473 -0.869170
	-747.265381 -4138.767090 991.583252 -0.367122 -0.000000 0.462792
	0.002716 1447.999512 -0.001373 0.184560 0.468045 0.005830
	-0.004517 1541.001099 0.040161 0.281572 -0.009147 -0.351872
	0.001465 3679.998535 -0.012939 0.653336 0.009197 0.039965
	0.028687 3353.999023 0.016418 -0.165005 0.176963 -0.177959
	-747.264465 -4138.772461 991.584839 -0.993764 0.075978 0.025314
	-0.000565 1194.001709 0.012909 0.063352 -0.294734 -0.097395
	-747.263977 -4138.771484 991.581787 0.022968 -0.000000 -0.525344
	0.018127 1448.002686 -0.037048 0.158427 -0.288901 0.094838
	0.044861 1541.001465 0.007080 -0.293518 0.222736 0.319650
	-0.007187 3680.002686 0.008148 0.352938 0.066542 0.128940
	0.009399 3353.998779 0.034668 -0.057083 0.135393 0.184131
	-0.000012 0.000234 0.000272 0.092747 0.635506 -0.758974
	-239.125595 3183.081299 298.777100 -0.494703 0.000000 0.510801
	0.035080 1096.999634 0.021332 0.577196 0.011029 -0.432918
	0.000275 5360.001953 0.001923 -0.456671 -0.026997 -0.345546
	-0.001450 7728.997070 0.005424 -0.344131 -0.221893 -0.023270
	-239.124344 3183.081055 298.775940 0.111250 -0.000000 -0.719389
	0.006985 1096.999390 -0.006058 0.171613 -0.376170 0.719074
	-0.000366 5360.000488 -0.000061 -0.351152 0.009871 -0.082852
	0.000000 7729.002930 0.011322 0.134372 0.229415 -0.179668
}

frame 3 {
	0.127507 -7.987679 0.750178 -0.707107 -0.000000 -0.000000
	0.000019 -0.000226 0.000232 0.275555 0.377002 -0.878516
	-747.263489 -4138.766113 991.584412 -0.367122 -0.000000 0.462792
	0.003479 1448.000488 0.000198 0.184560 0.468045 0.005830
	-0.003418 1541.000488 0.040619 0.319486 -0.009198 -0.410785
	0.001831 3679.995605 -0.014771 0.625537 0.009480 0.038264
	0.029297 3353.999023 0.017593 -0.165005 0.176963 -0.177959
	-747.262451 -4138.769531 991.584900 -0.993764 0.075978 0.025314
	0.000046 1193.999634 0.010803 0.064580 -0.282702 -0.096585
	-747.263977 -4138.771484 991.583862 0.022968 -0.000000 -0.525344
	0.017456 1448.002197 -0.037720 0.158427 -0.288901 0.094838
	0.042603 1541.002563 0.007446 -0.307337 0.212527 0.299763
	-0.008148 3680.002930 0.007812 0.276833 0.068614 0.101136
	0.009796 3354.000000 0.035767 -0.008134 0.144917 0.190785
	0.000019 0.000384 0.001208 0.116922 0.633505 -0.754822
	-239.125580 3183.082275 298.777222 -0.494703 0.000000 0.510801
	0.036102 1097.000488 0.022209 0.746921 0.142222 -0.325585
	0.000916 5360.001953 0.001831 -0.705164 -0.015378 -0.533570
	-0.001328 7728.996582 0.005661 -0.261676 -0.138097 -0.033961
	-239.124451 3183.081299 298.776581 0.111250 -0.000000 -0.719389
	0.004829 1097.000244 -0.005539 0.098574 -0.309707 0.733311
	-0.000488 5360.000000 0.000793 -0.311599 0.010026 -0.073520
	0.000492 7729.003418 0.009239 0.140344 0.252253 -0.191745
}

frame 4 {
	0.129329 -7.914466 0.684529 -0.707107 -0.000000 -0.000000
	-0.000204 0.000762 0.001200 0.282141 0.375324 -0.876499
	-747.264832 -4138.766113 991.583374 -0.367122 -0.000000 0.462792
	0.002808 1448.000488 -0.002167 0.184560 0.468045 0.005830
	-0.001953 1541.000122 0.040680 0.030986 -0.281200 -0.420464
	0.001221 3679.996582 -0.014282 0.545808 0.010186 0.033386
	0.028412 3353.998535 0.017334 -0.165005 0.176963 -0.177959
	-747.263123 -4138.771484 991.585022 -0.993764 0.075978 0.025314
	0.000198 1194.003662 0.010086 0.081802 -0.096072 -0.082507
	-747.263916 -4138.772949 991.583069 0.022968 -0.000000 -0.525344
	0.019623 1448.002197 -0.039246 0.158427 -0.288901 0.094838
	0.045349 1541.001709 0.006714 -0.281352 0.009114 0.389501
	-0.008682 3680.002197 0.011719 0.474492 0.061968 0.173349
	0.009827 3354.000488 0.037537 -0.230482 0.098620 0.156580
	-0.000052 0.000151 0.001200 0.165638 0.627753 -0.744384
	-239.125687 3183.084229 298.777008 -0.494703 0.000000 0.510801
	0.035179 1097.000122 0.024750 0.776460 0.322171 -0.216451
	0.000427 5360.001465 0.001373 -0.679926 -0.017207 -0.514474
	-0.000183 7728.996582 0.004883 -0.256873 -0.151629 -0.025250
	-239.124496 3183.083008 298.776062 0.111250 -0.000000 -0.719389
	0.011194 1097.001221 -0.005051 0.017437 -0.164357 0.730634
	-0.000641 5360.000488 -0.000183 -0.355027 0.009854 -0.083766
	0.000595 7729.001953 0.009918 0.275249 0.243960 -0.169003
}