MD5Version 10
commandline "Exported from Blender by io_export_md5.py by Paul Zirkle"

numJoints 23
numMeshes 2

joints {
	"bone0"	-1 ( 0.675000 -8.025001 -0.225000 ) ( -0.707107 -0.000000 -0.000000 )		// 
	"bone1"	0 ( 0.675001 -8.025012 -0.224998 ) ( -0.000000 -0.000000 -0.000000 )		// bone0
	"bone3"	1 ( 0.301364 -10.094376 0.270789 ) ( -0.367122 -0.000000 0.462792 )		// bone1
	"bone8"	2 ( 0.842070 -9.875662 0.699717 ) ( 0.252947 -0.000000 0.482952 )		// bone3
	"bone13"	3 ( 1.465984 -9.563177 0.372941 ) ( 0.311221 -0.000000 0.070482 )		// bone8
	"bone17"	4 ( 1.711793 -8.097918 -0.712460 ) ( 0.511736 -0.000000 0.077744 )		// bone13
	"bone21"	5 ( 1.934897 -7.319519 -2.181003 ) ( 0.511736 -0.000000 0.077744 )		// bone17
	"bone4"	1 ( 0.301373 -10.094368 0.270791 ) ( 0.994015 -0.000000 -0.017071 )		// bone1
	"bone9"	7 ( 0.299174 -10.677506 0.142722 ) ( 0.994015 -0.000000 -0.017071 )		// bone4
	"bone5"	1 ( 0.301378 -10.094367 0.270787 ) ( 0.022968 -0.000000 -0.525344 )		// bone1
	"bone10"	9 ( -0.345643 -9.770766 0.242499 ) ( 0.401154 -0.000000 -0.257073 )		// bone5
	"bone14"	10 ( -0.693941 -9.350085 -0.301008 ) ( 0.247311 -0.000000 0.336230 )		// bone10
	"bone18"	11 ( 0.430457 -8.151184 -1.128048 ) ( 0.492682 -0.000000 0.390421 )		// bone14
	"bone22"	12 ( 1.448848 -7.799566 -2.413179 ) ( 0.492682 -0.000000 0.390421 )		// bone18
	"bone2"	0 ( 0.675001 -8.025018 -0.225000 ) ( -0.000000 -0.000000 -0.000000 )		// bone0
	"bone6"	14 ( 0.555441 -6.433475 -0.075613 ) ( -0.494703 -0.000000 0.510801 )		// bone2
	"bone11"	15 ( 0.949422 -6.439672 0.305952 ) ( -0.013555 0.000000 0.137973 )		// bone6
	"bone15"	16 ( 1.681816 -3.862698 0.377903 ) ( -0.227490 0.000000 -0.026436 )		// bone11
	"bone19"	17 ( 1.482922 -0.403589 2.089440 ) ( -0.227490 0.000000 -0.026436 )		// bone15
	"bone7"	14 ( 0.555437 -6.433475 -0.075611 ) ( 0.111250 0.000000 -0.719389 )		// bone2
	"bone12"	19 ( 0.014358 -6.466272 -0.159286 ) ( 0.121960 -0.000000 -0.158734 )		// bone7
	"bone16"	20 ( -0.819242 -4.001035 -0.799766 ) ( 0.065987 -0.000000 -0.172521 )		// bone12
	"bone20"	21 ( -2.129716 -0.400232 -1.301001 ) ( 0.065987 -0.000000 -0.172521 )		// bone16
}

mesh {
	shader "squall_body"

	numverts 421
	vert 0 ( 0.171875 1.562500 ) 0 1
	vert 1 ( 0.117188 1.562500 ) 1 1
	vert 2 ( 0.187500 1.656250 ) 2 1
	vert 3 ( 0.117188 1.304688 ) 3 1
	vert 4 ( 0.164063 1.359375 ) 4 1
	vert 5 ( 0.171875 1.304688 ) 5 1
	vert 6 ( 0.171875 1.984375 ) 6 1
	vert 7 ( 0.187500 1.898438 ) 7 1
	vert 8 ( 0.117188 1.992188 ) 8 1
	vert 9 ( 0.148438 1.031250 ) 9 1
	vert 10 ( 0.187500 1.023437 ) 10 1
	vert 11 ( 0.148438 1.304688 ) 11 1
	vert 12 ( 0.164063 1.515625 ) 12 1
	vert 13 ( 0.179688 1.515625 ) 13 1
	vert 14 ( 0.812500 1.234375 ) 14 1
	vert 15 ( 0.765625 1.000000 ) 15 1
	vert 16 ( 0.726563 1.250000 ) 16 1
	vert 17 ( 0.835938 1.015625 ) 17 1
	vert 18 ( 0.218750 1.750000 ) 18 1
	vert 19 ( 0.296875 1.757813 ) 19 1
	vert 20 ( 0.257813 1.804688 ) 20 1
	vert 21 ( 0.218750 1.710938 ) 21 1
	vert 22 ( 0.296875 1.750000 ) 22 1
	vert 23 ( 0.296875 1.703125 ) 23 1
	vert 24 ( 0.296875 1.796875 ) 24 1
	vert 25 ( 0.296875 1.945313 ) 25 1
	vert 26 ( 0.257813 1.875000 ) 26 1
	vert 27 ( 0.218750 1.796875 ) 27 1
	vert 28 ( 0.218750 1.835938 ) 28 1
	vert 29 ( 0.218750 1.750000 ) 29 1
	vert 30 ( 0.257813 1.804688 ) 30 1
	vert 31 ( 0.296875 1.757813 ) 31 1
	vert 32 ( 0.296875 1.796875 ) 32 1
	vert 33 ( 0.218750 1.796875 ) 33 1
	vert 34 ( 0.320313 1.945313 ) 34 1
	vert 35 ( 0.320313 1.945313 ) 35 1
	vert 36 ( 0.320313 1.890625 ) 36 1
	vert 37 ( 0.257813 1.875000 ) 37 1
	vert 38 ( 0.226563 1.898438 ) 38 1
	vert 39 ( 0.296875 1.945313 ) 39 1
	vert 40 ( 0.289063 1.890625 ) 40 1
	vert 41 ( 0.296875 1.796875 ) 41 1
	vert 42 ( 0.296875 1.757813 ) 42 1
	vert 43 ( 0.257813 1.804688 ) 43 1
	vert 44 ( 0.257813 1.875000 ) 44 1
	vert 45 ( 0.296875 1.945313 ) 45 1
	vert 46 ( 0.218750 1.750000 ) 46 1
	vert 47 ( 0.218750 1.710938 ) 47 1
	vert 48 ( 0.296875 1.703125 ) 48 1
	vert 49 ( 0.296875 1.750000 ) 49 1
	vert 50 ( 0.218750 1.796875 ) 50 1
	vert 51 ( 0.218750 1.835938 ) 51 1
	vert 52 ( 0.257813 1.875000 ) 52 1
	vert 53 ( 0.226563 1.898438 ) 53 1
	vert 54 ( 0.320313 1.945313 ) 54 1
	vert 55 ( 0.320313 1.890625 ) 55 1
	vert 56 ( 0.320313 1.945313 ) 56 1
	vert 57 ( 0.218750 1.750000 ) 57 1
	vert 58 ( 0.296875 1.757813 ) 58 1
	vert 59 ( 0.257813 1.804688 ) 59 1
	vert 60 ( 0.296875 1.796875 ) 60 1
	vert 61 ( 0.218750 1.796875 ) 61 1
	vert 62 ( 0.296875 1.945313 ) 62 1
	vert 63 ( 0.289063 1.890625 ) 63 1
	vert 64 ( 0.617188 1.750000 ) 64 1
	vert 65 ( 0.515625 1.750000 ) 65 1
	vert 66 ( 0.546875 1.750000 ) 66 1
	vert 67 ( 0.617188 1.687500 ) 67 1
	vert 68 ( 0.726563 1.687500 ) 68 1
	vert 69 ( 0.648438 1.617188 ) 69 1
	vert 70 ( 0.828125 1.687500 ) 70 1
	vert 71 ( 0.734375 1.578125 ) 71 1
	vert 72 ( 0.820313 1.539063 ) 72 1
	vert 73 ( 0.968750 1.687500 ) 73 1
	vert 74 ( 0.960938 1.578125 ) 74 1
	vert 75 ( 0.875000 1.687500 ) 75 1
	vert 76 ( 0.875000 1.539063 ) 76 1
	vert 77 ( 0.585938 1.617188 ) 77 1
	vert 78 ( 0.507813 1.687500 ) 78 1
	vert 79 ( 0.648438 1.320313 ) 79 1
	vert 80 ( 0.820313 1.390625 ) 80 1
	vert 81 ( 0.718750 1.351563 ) 81 1
	vert 82 ( 0.976563 1.351563 ) 82 1
	vert 83 ( 0.500000 1.578125 ) 83 1
	vert 84 ( 0.585938 1.320313 ) 84 1
	vert 85 ( 0.507813 1.351563 ) 85 1
	vert 86 ( 0.890625 1.234375 ) 86 1
	vert 87 ( 0.882813 1.390625 ) 87 1
	vert 88 ( 0.968750 1.250000 ) 88 1
	vert 89 ( 0.648438 1.304688 ) 89 1
	vert 90 ( 0.570313 1.000000 ) 90 1
	vert 91 ( 0.585938 1.304688 ) 91 1
	vert 92 ( 0.507813 1.250000 ) 92 1
	vert 93 ( 0.679688 1.015625 ) 93 1
	vert 94 ( 0.648438 1.031250 ) 94 1
	vert 95 ( 0.500000 1.007812 ) 95 1
	vert 96 ( 0.890625 1.000000 ) 96 1
	vert 97 ( 0.984375 1.007812 ) 97 1
	vert 98 ( 0.125000 1.687500 ) 98 1
	vert 99 ( 0.164063 1.765625 ) 99 1
	vert 100 ( 0.203125 1.687500 ) 100 1
	vert 101 ( 0.171875 1.773438 ) 101 1
	vert 102 ( 0.156250 1.773438 ) 102 1
	vert 103 ( 0.179688 1.773438 ) 103 1
	vert 104 ( 0.132813 1.656250 ) 104 1
	vert 105 ( 0.398438 1.007812 ) 105 1
	vert 106 ( 0.492188 1.015625 ) 106 1
	vert 107 ( 0.398438 1.007812 ) 107 1
	vert 108 ( 0.164063 1.414063 ) 108 1
	vert 109 ( 0.164063 1.453125 ) 109 1
	vert 110 ( 0.179688 1.437500 ) 110 1
	vert 111 ( 0.890625 1.000000 ) 111 1
	vert 112 ( 0.007812 1.015625 ) 112 1
	vert 113 ( 0.070312 1.000000 ) 113 1
	vert 114 ( 0.007812 1.250000 ) 114 1
	vert 115 ( 0.476563 1.250000 ) 115 1
	vert 116 ( 0.398438 1.234375 ) 116 1
	vert 117 ( 0.171875 1.453125 ) 117 1
	vert 118 ( 0.164063 1.789063 ) 118 1
	vert 119 ( 0.125000 1.859375 ) 119 1
	vert 120 ( 0.203125 1.867188 ) 120 1
	vert 121 ( 0.093750 1.296875 ) 121 1
	vert 122 ( 0.039062 1.570313 ) 122 1
	vert 123 ( 0.046875 1.656250 ) 123 1
	vert 124 ( 0.171875 1.414063 ) 124 1
	vert 125 ( 0.179688 1.359375 ) 125 1
	vert 126 ( 0.117188 1.437500 ) 126 1
	vert 127 ( 0.968750 1.250000 ) 127 1
	vert 128 ( 0.976563 1.351563 ) 128 1
	vert 129 ( 0.890625 1.234375 ) 129 1
	vert 130 ( 0.882813 1.390625 ) 130 1
	vert 131 ( 0.109375 1.515625 ) 131 1
	vert 132 ( 0.054687 1.515625 ) 132 1
	vert 133 ( 0.875000 1.539063 ) 133 1
	vert 134 ( 0.960938 1.578125 ) 134 1
	vert 135 ( 0.875000 1.687500 ) 135 1
	vert 136 ( 0.968750 1.687500 ) 136 1
	vert 137 ( 0.585938 1.617188 ) 137 1
	vert 138 ( 0.500000 1.578125 ) 138 1
	vert 139 ( 0.585938 1.320313 ) 139 1
	vert 140 ( 0.507813 1.687500 ) 140 1
	vert 141 ( 0.507813 1.351563 ) 141 1
	vert 142 ( 0.617188 1.687500 ) 142 1
	vert 143 ( 0.617188 1.750000 ) 143 1
	vert 144 ( 0.546875 1.750000 ) 144 1
	vert 145 ( 0.515625 1.750000 ) 145 1
	vert 146 ( 0.726563 1.687500 ) 146 1
	vert 147 ( 0.734375 1.578125 ) 147 1
	vert 148 ( 0.828125 1.687500 ) 148 1
	vert 149 ( 0.820313 1.539063 ) 149 1
	vert 150 ( 0.718750 1.351563 ) 150 1
	vert 151 ( 0.648438 1.617188 ) 151 1
	vert 152 ( 0.820313 1.390625 ) 152 1
	vert 153 ( 0.812500 1.234375 ) 153 1
	vert 154 ( 0.648438 1.320313 ) 154 1
	vert 155 ( 0.726563 1.250000 ) 155 1
	vert 156 ( 0.226563 1.250000 ) 156 1
	vert 157 ( 0.335938 1.023437 ) 157 1
	vert 158 ( 0.320313 1.234375 ) 158 1
	vert 159 ( 0.273438 1.007812 ) 159 1
	vert 160 ( 0.132813 1.890625 ) 160 1
	vert 161 ( 0.039062 1.898438 ) 161 1
	vert 162 ( 0.039062 1.976563 ) 162 1
	vert 163 ( 0.039062 1.296875 ) 163 1
	vert 164 ( 0.109375 1.351563 ) 164 1
	vert 165 ( 0.054687 1.351563 ) 165 1
	vert 166 ( 0.054687 1.851563 ) 166 1
	vert 167 ( 0.085937 1.773438 ) 167 1
	vert 168 ( 0.125000 1.773438 ) 168 1
	vert 169 ( 0.007812 1.773438 ) 169 1
	vert 170 ( 0.007812 1.343750 ) 170 1
	vert 171 ( 0.054687 1.703125 ) 171 1
	vert 172 ( 0.007812 1.523438 ) 172 1
	vert 173 ( 0.007812 1.851563 ) 173 1
	vert 174 ( 0.007812 1.578125 ) 174 1
	vert 175 ( 0.007812 1.296875 ) 175 1
	vert 176 ( 0.007812 1.695313 ) 176 1
	vert 177 ( 0.421875 1.460938 ) 177 1
	vert 178 ( 0.421875 1.312500 ) 178 1
	vert 179 ( 0.484375 1.453125 ) 179 1
	vert 180 ( 0.484375 1.312500 ) 180 1
	vert 181 ( 0.421875 1.312500 ) 181 1
	vert 182 ( 0.484375 1.312500 ) 182 1
	vert 183 ( 0.351563 1.757813 ) 183 1
	vert 184 ( 0.406250 1.773438 ) 184 1
	vert 185 ( 0.351563 1.796875 ) 185 1
	vert 186 ( 0.406250 1.804688 ) 186 1
	vert 187 ( 0.335938 1.757813 ) 187 1
	vert 188 ( 0.335938 1.804688 ) 188 1
	vert 189 ( 0.351563 1.773438 ) 189 1
	vert 190 ( 0.351563 1.804688 ) 190 1
	vert 191 ( 0.406250 1.812500 ) 191 1
	vert 192 ( 0.414063 1.812500 ) 192 1
	vert 193 ( 0.421875 1.773438 ) 193 1
	vert 194 ( 0.406250 1.789063 ) 194 1
	vert 195 ( 0.351563 1.750000 ) 195 1
	vert 196 ( 0.406250 1.765625 ) 196 1
	vert 197 ( 0.351563 1.671875 ) 197 1
	vert 198 ( 0.335938 1.671875 ) 198 1
	vert 199 ( 0.445313 1.710938 ) 199 1
	vert 200 ( 0.437500 1.726563 ) 200 1
	vert 201 ( 0.460938 1.750000 ) 201 1
	vert 202 ( 0.453125 1.750000 ) 202 1
	vert 203 ( 0.429688 1.726563 ) 203 1
	vert 204 ( 0.445313 1.757813 ) 204 1
	vert 205 ( 0.453125 1.750000 ) 205 1
	vert 206 ( 0.437500 1.710938 ) 206 1
	vert 207 ( 0.398438 1.304688 ) 207 1
	vert 208 ( 0.351563 1.289063 ) 208 1
	vert 209 ( 0.406250 1.390625 ) 209 1
	vert 210 ( 0.351563 1.445313 ) 210 1
	vert 211 ( 0.320313 1.289063 ) 211 1
	vert 212 ( 0.320313 1.390625 ) 212 1
	vert 213 ( 0.234375 1.304688 ) 213 1
	vert 214 ( 0.218750 1.398438 ) 214 1
	vert 215 ( 0.289063 1.289063 ) 215 1
	vert 216 ( 0.281250 1.445313 ) 216 1
	vert 217 ( 0.304688 1.257813 ) 217 1
	vert 218 ( 0.343750 1.257813 ) 218 1
	vert 219 ( 0.289063 1.453125 ) 219 1
	vert 220 ( 0.351563 1.453125 ) 220 1
	vert 221 ( 0.281250 1.585938 ) 221 1
	vert 222 ( 0.351563 1.585938 ) 222 1
	vert 223 ( 0.382813 1.250000 ) 223 1
	vert 224 ( 0.289063 1.257813 ) 224 1
	vert 225 ( 0.406250 1.390625 ) 225 1
	vert 226 ( 0.351563 1.445313 ) 226 1
	vert 227 ( 0.398438 1.304688 ) 227 1
	vert 228 ( 0.351563 1.289063 ) 228 1
	vert 229 ( 0.320313 1.289063 ) 229 1
	vert 230 ( 0.234375 1.304688 ) 230 1
	vert 231 ( 0.320313 1.390625 ) 231 1
	vert 232 ( 0.218750 1.398438 ) 232 1
	vert 233 ( 0.304688 1.257813 ) 233 1
	vert 234 ( 0.289063 1.257813 ) 234 1
	vert 235 ( 0.343750 1.257813 ) 235 1
	vert 236 ( 0.382813 1.250000 ) 236 1
	vert 237 ( 0.351563 1.453125 ) 237 1
	vert 238 ( 0.351563 1.585938 ) 238 1
	vert 239 ( 0.289063 1.453125 ) 239 1
	vert 240 ( 0.281250 1.585938 ) 240 1
	vert 241 ( 0.281250 1.445313 ) 241 1
	vert 242 ( 0.289063 1.289063 ) 242 1
	vert 243 ( 0.445313 1.757813 ) 243 1
	vert 244 ( 0.453125 1.750000 ) 244 1
	vert 245 ( 0.429688 1.726563 ) 245 1
	vert 246 ( 0.437500 1.710938 ) 246 1
	vert 247 ( 0.453125 1.750000 ) 247 1
	vert 248 ( 0.453125 1.750000 ) 248 1
	vert 249 ( 0.445313 1.710938 ) 249 1
	vert 250 ( 0.437500 1.726563 ) 250 1
	vert 251 ( 0.335938 1.757813 ) 251 1
	vert 252 ( 0.335938 1.671875 ) 252 1
	vert 253 ( 0.351563 1.750000 ) 253 1
	vert 254 ( 0.351563 1.671875 ) 254 1
	vert 255 ( 0.406250 1.765625 ) 255 1
	vert 256 ( 0.406250 1.789063 ) 256 1
	vert 257 ( 0.351563 1.773438 ) 257 1
	vert 258 ( 0.351563 1.804688 ) 258 1
	vert 259 ( 0.406250 1.812500 ) 259 1
	vert 260 ( 0.414063 1.812500 ) 260 1
	vert 261 ( 0.421875 1.773438 ) 261 1
	vert 262 ( 0.406250 1.804688 ) 262 1
	vert 263 ( 0.351563 1.796875 ) 263 1
	vert 264 ( 0.335938 1.804688 ) 264 1
	vert 265 ( 0.351563 1.757813 ) 265 1
	vert 266 ( 0.406250 1.773438 ) 266 1
	vert 267 ( 0.421875 1.312500 ) 267 1
	vert 268 ( 0.484375 1.312500 ) 268 1
	vert 269 ( 0.421875 1.460938 ) 269 1
	vert 270 ( 0.484375 1.453125 ) 270 1
	vert 271 ( 0.484375 1.312500 ) 271 1
	vert 272 ( 0.421875 1.312500 ) 272 1
	vert 273 ( 0.421875 1.460938 ) 273 1
	vert 274 ( 0.484375 1.453125 ) 274 1
	vert 275 ( 0.812500 1.781250 ) 275 1
	vert 276 ( 0.812500 1.843750 ) 276 1
	vert 277 ( 0.984375 1.781250 ) 277 1
	vert 278 ( 0.992188 1.843750 ) 278 1
	vert 279 ( 0.812500 1.992188 ) 279 1
	vert 280 ( 0.984375 1.984375 ) 280 1
	vert 281 ( 0.007812 1.648438 ) 281 1
	vert 282 ( 0.007812 1.898438 ) 282 1
	vert 283 ( 0.007812 1.976563 ) 283 1
	vert 284 ( 0.648438 1.304688 ) 284 1
	vert 285 ( 0.726563 1.750000 ) 285 1
	vert 286 ( 0.585938 1.304688 ) 286 1
	vert 287 ( 0.828125 1.750000 ) 287 1
	vert 288 ( 0.828125 1.750000 ) 288 1
	vert 289 ( 0.726563 1.750000 ) 289 1
	vert 290 ( 0.875000 1.750000 ) 290 1
	vert 291 ( 0.968750 1.750000 ) 291 1
	vert 292 ( 0.507813 1.250000 ) 292 1
	vert 293 ( 0.875000 1.750000 ) 293 1
	vert 294 ( 0.968750 1.750000 ) 294 1
	vert 295 ( 0.726563 1.750000 ) 295 1
	vert 296 ( 0.828125 1.750000 ) 296 1
	vert 297 ( 0.828125 1.750000 ) 297 1
	vert 298 ( 0.726563 1.750000 ) 298 1
	vert 299 ( 0.320313 1.796875 ) 299 1
	vert 300 ( 0.320313 1.757813 ) 300 1
	vert 301 ( 0.320313 1.992188 ) 301 1
	vert 302 ( 0.289063 1.984375 ) 302 1
	vert 303 ( 0.242188 1.968750 ) 303 1
	vert 304 ( 0.320313 1.796875 ) 304 1
	vert 305 ( 0.320313 1.757813 ) 305 1
	vert 306 ( 0.328125 1.703125 ) 306 1
	vert 307 ( 0.320313 1.796875 ) 307 1
	vert 308 ( 0.242188 1.968750 ) 308 1
	vert 309 ( 0.320313 1.992188 ) 309 1
	vert 310 ( 0.289063 1.984375 ) 310 1
	vert 311 ( 0.320313 1.757813 ) 311 1
	vert 312 ( 0.320313 1.757813 ) 312 1
	vert 313 ( 0.320313 1.796875 ) 313 1
	vert 314 ( 0.328125 1.703125 ) 314 1
	vert 315 ( 0.406250 1.671875 ) 315 1
	vert 316 ( 0.351563 1.671875 ) 316 1
	vert 317 ( 0.406250 1.671875 ) 317 1
	vert 318 ( 0.351563 1.671875 ) 318 1
	vert 319 ( 0.507813 1.812500 ) 319 1
	vert 320 ( 0.554688 1.804688 ) 320 1
	vert 321 ( 0.554688 1.890625 ) 321 1
	vert 322 ( 0.632813 1.781250 ) 322 1
	vert 323 ( 0.609375 1.796875 ) 323 1
	vert 324 ( 0.632813 1.875000 ) 324 1
	vert 325 ( 0.609375 1.796875 ) 325 1
	vert 326 ( 0.554688 1.890625 ) 326 1
	vert 327 ( 0.632813 1.781250 ) 327 1
	vert 328 ( 0.554688 1.804688 ) 328 1
	vert 329 ( 0.453125 1.906250 ) 329 1
	vert 330 ( 0.523438 1.984375 ) 330 1
	vert 331 ( 0.523438 1.984375 ) 331 1
	vert 332 ( 0.453125 1.906250 ) 332 1
	vert 333 ( 0.695313 1.890625 ) 333 1
	vert 334 ( 0.601563 1.898438 ) 334 1
	vert 335 ( 0.664063 1.984375 ) 335 1
	vert 336 ( 0.695313 1.890625 ) 336 1
	vert 337 ( 0.664063 1.984375 ) 337 1
	vert 338 ( 0.601563 1.898438 ) 338 1
	vert 339 ( 0.578125 1.984375 ) 339 1
	vert 340 ( 0.578125 1.984375 ) 340 1
	vert 341 ( 0.484375 1.453125 ) 341 1
	vert 342 ( 0.484375 1.453125 ) 342 1
	vert 343 ( 0.632813 1.875000 ) 343 1
	vert 344 ( 0.273438 1.656250 ) 344 1
	vert 345 ( 0.320313 1.617188 ) 345 1
	vert 346 ( 0.210938 1.531250 ) 346 1
	vert 347 ( 0.273438 1.656250 ) 347 1
	vert 348 ( 0.210938 1.531250 ) 348 1
	vert 349 ( 0.320313 1.617188 ) 349 1
	vert 350 ( 0.320313 1.500000 ) 350 1
	vert 351 ( 0.320313 1.500000 ) 351 1
	vert 352 ( 0.406250 1.500000 ) 352 1
	vert 353 ( 0.398438 1.578125 ) 353 1
	vert 354 ( 0.398438 1.570313 ) 354 1
	vert 355 ( 0.398438 1.570313 ) 355 1
	vert 356 ( 0.406250 1.500000 ) 356 1
	vert 357 ( 0.398438 1.578125 ) 357 1
	vert 358 ( 0.273438 1.656250 ) 358 1
	vert 359 ( 0.703125 1.773438 ) 359 1
	vert 360 ( 0.671875 1.796875 ) 360 1
	vert 361 ( 0.632813 1.804688 ) 361 1
	vert 362 ( 0.703125 1.773438 ) 362 1
	vert 363 ( 0.671875 1.796875 ) 363 1
	vert 364 ( 0.718750 1.804688 ) 364 1
	vert 365 ( 0.718750 1.781250 ) 365 1
	vert 366 ( 0.312500 1.671875 ) 366 1
	vert 367 ( 0.304688 1.687500 ) 367 1
	vert 368 ( 0.273438 1.656250 ) 368 1
	vert 369 ( 0.812500 1.984375 ) 369 1
	vert 370 ( 0.710938 1.875000 ) 370 1
	vert 371 ( 0.421875 1.867188 ) 371 1
	vert 372 ( 0.421875 1.984375 ) 372 1
	vert 373 ( 0.460938 1.851563 ) 373 1
	vert 374 ( 0.460938 1.773438 ) 374 1
	vert 375 ( 0.312500 1.671875 ) 375 1
	vert 376 ( 0.718750 1.804688 ) 376 1
	vert 377 ( 0.718750 1.781250 ) 377 1
	vert 378 ( 0.312500 1.671875 ) 378 1
	vert 379 ( 0.304688 1.687500 ) 379 1
	vert 380 ( 0.507813 1.812500 ) 380 1
	vert 381 ( 0.632813 1.804688 ) 381 1
	vert 382 ( 0.812500 1.843750 ) 382 1
	vert 383 ( 0.812500 1.984375 ) 383 1
	vert 384 ( 0.453125 1.984375 ) 384 1
	vert 385 ( 0.710938 1.875000 ) 385 1
	vert 386 ( 0.812500 1.781250 ) 386 1
	vert 387 ( 0.421875 1.984375 ) 387 1
	vert 388 ( 0.421875 1.867188 ) 388 1
	vert 389 ( 0.460938 1.851563 ) 389 1
	vert 390 ( 0.460938 1.773438 ) 390 1
	vert 391 ( 0.484375 1.312500 ) 391 1
	vert 392 ( 0.421875 1.460938 ) 392 1
	vert 393 ( 0.453125 1.984375 ) 393 1
	vert 394 ( 0.421875 1.460938 ) 394 1
	vert 395 ( 0.484375 1.312500 ) 395 1
	vert 396 ( 0.382813 1.656250 ) 396 1
	vert 397 ( 0.382813 1.671875 ) 397 1
	vert 398 ( 0.406250 1.671875 ) 398 1
	vert 399 ( 0.406250 1.726563 ) 399 1
	vert 400 ( 0.406250 1.734375 ) 400 1
	vert 401 ( 0.375000 1.718750 ) 401 1
	vert 402 ( 0.421875 1.742188 ) 402 1
	vert 403 ( 0.320313 1.257813 ) 403 1
	vert 404 ( 0.328125 1.625000 ) 404 1
	vert 405 ( 0.312500 1.671875 ) 405 1
	vert 406 ( 0.312500 1.664063 ) 406 1
	vert 407 ( 0.406250 1.664063 ) 407 1
	vert 408 ( 0.406250 1.664063 ) 408 1
	vert 409 ( 0.406250 1.664063 ) 409 1
	vert 410 ( 0.312500 1.664063 ) 410 1
	vert 411 ( 0.406250 1.664063 ) 411 1
	vert 412 ( 0.328125 1.625000 ) 412 1
	vert 413 ( 0.320313 1.257813 ) 413 1
	vert 414 ( 0.375000 1.718750 ) 414 1
	vert 415 ( 0.406250 1.734375 ) 415 1
	vert 416 ( 0.406250 1.726563 ) 416 1
	vert 417 ( 0.406250 1.671875 ) 417 1
	vert 418 ( 0.382813 1.656250 ) 418 1
	vert 419 ( 0.421875 1.742188 ) 419 1
	vert 420 ( 0.382813 1.671875 ) 420 1

	numtris 577
	tri 0 0 2 1
	tri 1 3 5 4
	tri 2 6 8 7
	tri 3 9 11 10
	tri 4 12 13 0
	tri 5 14 16 15
	tri 6 17 14 15
	tri 7 1 12 0
	tri 8 18 20 19
	tri 9 21 23 22
	tri 10 24 19 20
	tri 11 24 26 25
	tri 12 26 24 20
	tri 13 27 28 20
	tri 14 18 27 20
	tri 15 28 26 20
	tri 16 29 31 30
	tri 17 32 30 31
	tri 18 29 30 33
	tri 19 34 36 35
	tri 20 37 38 28
	tri 21 34 39 36
	tri 22 39 40 36
	tri 23 28 30 37
	tri 24 33 30 28
	tri 25 32 37 30
	tri 26 40 37 32
	tri 27 39 37 40
	tri 28 41 43 42
	tri 29 44 43 41
	tri 30 44 41 45
	tri 31 46 42 43
	tri 32 47 49 48
	tri 33 50 43 51
	tri 34 51 43 44
	tri 35 46 43 50
	tri 36 52 51 53
	tri 37 54 56 55
	tri 38 57 59 58
	tri 39 60 58 59
	tri 40 57 61 59
	tri 41 54 55 62
	tri 42 62 55 63
	tri 43 61 51 59
	tri 44 51 52 59
	tri 45 60 59 52
	tri 46 63 60 52
	tri 47 62 63 52
	tri 48 64 66 65
	tri 49 67 69 68
	tri 50 68 71 70
	tri 51 71 68 69
	tri 52 72 70 71
	tri 53 73 75 74
	tri 54 76 74 75
	tri 55 67 77 69
	tri 56 78 77 67
	tri 57 69 79 71
	tri 58 72 81 80
	tri 59 71 79 81
	tri 60 74 76 82
	tri 61 83 77 78
	tri 62 77 83 84
	tri 63 83 85 84
	tri 64 80 81 14
	tri 65 16 14 81
	tri 66 86 82 87
	tri 67 88 82 86
	tri 68 89 91 90
	tri 69 91 92 90
	tri 70 93 89 94
	tri 71 95 90 92
	tri 72 86 96 88
	tri 73 16 89 93
	tri 74 16 93 15
	tri 75 97 88 96
	tri 76 98 100 99
	tri 77 101 102 99
	tri 78 99 103 101
	tri 79 2 100 104
	tri 80 104 100 98
	tri 81 105 107 106
	tri 82 108 110 109
	tri 83 111 97 96
	tri 84 112 114 113
	tri 85 107 115 106
	tri 86 116 115 107
	tri 87 2 104 1
	tri 88 13 12 117
	tri 89 109 117 12
	tri 90 118 119 102
	tri 91 119 118 120
	tri 92 11 113 121
	tri 93 121 113 114
	tri 94 1 104 122
	tri 95 104 123 122
	tri 96 108 4 124
	tri 97 125 124 4
	tri 98 126 4 108
	tri 99 127 129 128
	tri 100 129 130 128
	tri 101 131 126 12
	tri 102 122 131 1
	tri 103 132 131 122
	tri 104 133 135 134
	tri 105 136 134 135
	tri 106 137 139 138
	tri 107 138 140 137
	tri 108 133 128 130
	tri 109 138 139 141
	tri 110 142 137 140
	tri 111 143 145 144
	tri 112 146 148 147
	tri 113 149 147 148
	tri 114 147 149 150
	tri 115 142 151 137
	tri 116 152 153 150
	tri 117 151 142 146
	tri 118 147 151 146
	tri 119 151 147 154
	tri 120 147 150 154
	tri 121 155 150 153
	tri 122 156 10 11
	tri 123 157 159 158
	tri 124 158 159 156
	tri 125 159 10 156
	tri 126 119 120 160
	tri 127 7 160 120
	tri 128 160 7 8
	tri 129 125 4 5
	tri 130 161 160 162
	tri 131 162 160 8
	tri 132 3 164 163
	tri 133 163 164 165
	tri 134 126 164 4
	tri 135 166 167 119
	tri 136 167 168 119
	tri 137 167 98 168
	tri 138 169 167 166
	tri 139 170 163 165
	tri 140 165 126 132
	tri 141 165 164 126
	tri 142 132 126 131
	tri 143 171 98 167
	tri 144 167 169 171
	tri 145 122 172 132
	tri 146 173 169 166
	tri 147 152 150 149
	tri 148 134 128 133
	tri 149 9 113 11
	tri 150 94 89 90
	tri 151 87 82 76
	tri 152 71 81 72
	tri 153 174 172 122
	tri 154 175 163 170
	tri 155 176 171 169
	tri 156 131 12 1
	tri 157 164 3 4
	tri 158 12 126 109
	tri 159 109 126 108
	tri 160 168 102 119
	tri 161 168 98 102
	tri 162 102 98 99
	tri 163 177 179 178
	tri 164 179 180 178
	tri 165 177 181 179
	tri 166 181 182 179
	tri 167 183 185 184
	tri 168 185 186 184
	tri 169 187 189 188
	tri 170 189 190 188
	tri 171 190 191 185
	tri 172 191 186 185
	tri 173 192 191 193
	tri 174 191 194 193
	tri 175 191 190 194
	tri 176 190 189 194
	tri 177 195 196 189
	tri 178 196 194 189
	tri 179 195 187 197
	tri 180 187 198 197
	tri 181 199 201 200
	tri 182 201 202 200
	tri 183 200 202 203
	tri 184 202 204 203
	tri 185 205 201 206
	tri 186 201 199 206
	tri 187 202 201 204
	tri 188 201 205 204
	tri 189 203 204 206
	tri 190 204 205 206
	tri 191 207 209 208
	tri 192 209 210 208
	tri 193 211 213 212
	tri 194 213 214 212
	tri 195 208 210 215
	tri 196 210 216 215
	tri 197 215 217 208
	tri 198 217 218 208
	tri 199 216 210 219
	tri 200 210 220 219
	tri 201 219 220 221
	tri 202 220 222 221
	tri 203 218 217 223
	tri 204 217 224 223
	tri 205 225 227 226
	tri 206 227 228 226
	tri 207 229 231 230
	tri 208 231 232 230
	tri 209 233 235 234
	tri 210 235 236 234
	tri 211 237 239 238
	tri 212 239 240 238
	tri 213 226 241 237
	tri 214 241 239 237
	tri 215 233 242 235
	tri 216 242 228 235
	tri 217 242 241 228
	tri 218 241 226 228
	tri 219 243 245 244
	tri 220 245 246 244
	tri 221 247 248 244
	tri 222 248 243 244
	tri 223 247 244 249
	tri 224 244 246 249
	tri 225 248 250 243
	tri 226 250 245 243
	tri 227 247 249 248
	tri 228 249 250 248
	tri 229 251 253 252
	tri 230 253 254 252
	tri 231 255 253 256
	tri 232 253 257 256
	tri 233 258 259 257
	tri 234 259 256 257
	tri 235 259 260 256
	tri 236 260 261 256
	tri 237 259 258 262
	tri 238 258 263 262
	tri 239 257 251 258
	tri 240 251 264 258
	tri 241 263 265 262
	tri 242 265 266 262
	tri 243 267 269 268
	tri 244 269 270 268
	tri 245 270 269 271
	tri 246 269 272 271
	tri 247 272 273 271
	tri 248 273 274 271
	tri 249 275 277 276
	tri 250 277 278 276
	tri 251 276 278 279
	tri 252 278 280 279
	tri 253 171 176 123
	tri 254 176 281 123
	tri 255 281 174 123
	tri 256 174 122 123
	tri 257 172 170 132
	tri 258 170 165 132
	tri 259 282 161 283
	tri 260 161 162 283
	tri 261 282 173 161
	tri 262 173 166 161
	tri 263 119 160 166
	tri 264 160 161 166
	tri 265 154 150 284
	tri 266 150 155 284
	tri 267 142 143 146
	tri 268 143 285 146
	tri 269 137 151 139
	tri 270 151 154 139
	tri 271 154 284 139
	tri 272 284 286 139
	tri 273 148 146 287
	tri 274 146 285 287
	tri 275 288 287 289
	tri 276 287 285 289
	tri 277 142 140 143
	tri 278 140 145 143
	tri 279 149 133 152
	tri 280 133 130 152
	tri 281 148 135 149
	tri 282 135 133 149
	tri 283 135 148 290
	tri 284 148 287 290
	tri 285 135 290 136
	tri 286 290 291 136
	tri 287 152 130 153
	tri 288 130 129 153
	tri 289 292 141 286
	tri 290 141 139 286
	tri 291 158 116 157
	tri 292 116 107 157
	tri 293 123 104 171
	tri 294 104 98 171
	tri 295 86 14 96
	tri 296 14 17 96
	tri 297 87 80 86
	tri 298 80 14 86
	tri 299 81 79 16
	tri 300 79 89 16
	tri 301 85 92 84
	tri 302 92 91 84
	tri 303 89 79 91
	tri 304 79 84 91
	tri 305 76 72 87
	tri 306 72 80 87
	tri 307 69 77 79
	tri 308 77 84 79
	tri 309 293 75 294
	tri 310 75 73 294
	tri 311 78 67 65
	tri 312 67 64 65
	tri 313 75 70 76
	tri 314 70 72 76
	tri 315 64 67 295
	tri 316 67 68 295
	tri 317 70 75 296
	tri 318 75 293 296
	tri 319 296 297 295
	tri 320 297 298 295
	tri 321 68 70 295
	tri 322 70 296 295
	tri 323 299 60 55
	tri 324 60 63 55
	tri 325 299 300 60
	tri 326 300 58 60
	tri 327 301 54 302
	tri 328 54 62 302
	tri 329 52 53 62
	tri 330 53 303 62
	tri 331 304 299 56
	tri 332 299 55 56
	tri 333 304 305 299
	tri 334 305 300 299
	tri 335 300 306 49
	tri 336 306 48 49
	tri 337 304 56 41
	tri 338 56 45 41
	tri 339 305 304 42
	tri 340 304 41 42
	tri 341 32 307 40
	tri 342 307 36 40
	tri 343 38 37 308
	tri 344 37 39 308
	tri 345 34 309 39
	tri 346 309 310 39
	tri 347 311 307 31
	tri 348 307 32 31
	tri 349 312 313 311
	tri 350 313 307 311
	tri 351 307 313 36
	tri 352 313 35 36
	tri 353 35 313 25
	tri 354 313 24 25
	tri 355 314 311 23
	tri 356 311 22 23
	tri 357 313 312 24
	tri 358 312 19 24
	tri 359 57 49 47
	tri 360 29 21 22
	tri 361 315 316 206
	tri 362 317 246 318
	tri 363 118 102 101
	tri 364 118 101 103
	tri 365 319 321 320
	tri 366 322 320 323
	tri 367 324 326 325
	tri 368 327 325 328
	tri 369 211 212 207
	tri 370 225 231 227
	tri 371 326 330 329
	tri 372 321 332 331
	tri 373 333 335 334
	tri 374 336 338 337
	tri 375 334 339 326
	tri 376 338 321 340
	tri 377 341 267 268
	tri 378 342 182 181
	tri 379 321 338 343
	tri 380 344 346 345
	tri 381 347 349 348
	tri 382 348 350 214
	tri 383 346 232 351
	tri 384 219 348 216
	tri 385 239 241 346
	tri 386 352 350 353
	tri 387 352 354 220
	tri 388 238 355 237
	tri 389 230 232 242
	tri 390 353 354 352
	tri 391 355 357 356
	tri 392 326 324 334
	tri 393 335 339 334
	tri 394 331 340 321
	tri 395 358 347 348
	tri 396 353 350 349
	tri 397 349 350 348
	tri 398 357 351 356
	tri 399 359 322 360
	tri 400 361 360 322
	tri 401 362 363 327
	tri 402 364 363 365
	tri 403 366 368 367
	tri 404 368 344 367
	tri 405 276 369 333
	tri 406 370 365 333
	tri 407 339 330 326
	tri 408 362 275 365
	tri 409 363 362 365
	tri 410 275 276 365
	tri 411 329 372 371
	tri 412 373 329 371
	tri 413 371 374 373
	tri 414 345 346 351
	tri 415 375 349 347
	tri 416 376 377 360
	tri 417 377 359 360
	tri 418 378 379 358
	tri 419 380 328 326
	tri 420 358 379 347
	tri 421 327 381 325
	tri 422 380 326 373
	tri 423 382 336 383
	tri 424 373 326 329
	tri 425 384 329 330
	tri 426 369 335 333
	tri 427 385 336 377
	tri 428 359 377 386
	tri 429 386 377 382
	tri 430 332 388 387
	tri 431 389 388 332
	tri 432 388 389 390
	tri 433 322 323 361
	tri 434 323 320 321
	tri 435 341 392 391
	tri 436 389 332 321
	tri 437 337 338 340
	tri 438 383 336 337
	tri 439 332 393 331
	tri 440 392 341 268
	tri 441 342 395 394
	tri 442 384 372 329
	tri 443 373 374 380
	tri 444 394 182 342
	tri 445 393 332 387
	tri 446 389 319 390
	tri 447 389 321 319
	tri 448 321 343 323
	tri 449 382 377 336
	tri 450 343 338 336
	tri 451 328 325 326
	tri 452 276 333 365
	tri 453 324 333 334
	tri 454 396 254 397
	tri 455 398 396 397
	tri 456 398 397 399
	tri 457 397 253 399
	tri 458 253 397 254
	tri 459 318 396 317
	tri 460 400 266 401
	tri 461 266 265 401
	tri 462 256 261 255
	tri 463 261 402 255
	tri 464 255 399 253
	tri 465 255 402 399
	tri 466 254 396 318
	tri 467 318 401 265
	tri 468 253 251 257
	tri 469 317 396 398
	tri 470 317 398 249
	tri 471 398 399 249
	tri 472 318 246 401
	tri 473 246 317 249
	tri 474 250 249 399
	tri 475 400 250 399
	tri 476 250 400 245
	tri 477 400 401 245
	tri 478 401 246 245
	tri 479 227 231 229
	tri 480 236 229 403
	tri 481 403 229 234
	tri 482 235 228 236
	tri 483 234 242 233
	tri 484 242 232 241
	tri 485 231 225 351
	tri 486 232 346 241
	tri 487 231 351 232
	tri 488 356 351 225
	tri 489 356 225 237
	tri 490 226 237 225
	tri 491 234 236 403
	tri 492 239 346 240
	tri 493 238 240 404
	tri 494 240 346 368
	tri 495 238 404 355
	tri 496 405 344 345
	tri 497 405 367 344
	tri 498 368 404 240
	tri 499 344 368 346
	tri 500 227 229 236
	tri 501 230 234 229
	tri 502 230 242 234
	tri 503 227 236 228
	tri 504 357 406 345
	tri 505 407 408 355
	tri 506 404 366 355
	tri 507 408 406 357
	tri 508 351 357 345
	tri 509 368 366 404
	tri 510 407 355 366
	tri 511 237 355 356
	tri 512 405 345 406
	tri 513 365 370 364
	tri 514 381 327 363
	tri 515 357 355 408
	tri 516 370 333 324
	tri 517 385 343 336
	tri 518 353 409 354
	tri 519 377 376 385
	tri 520 375 410 349
	tri 521 411 378 354
	tri 522 358 412 378
	tri 523 409 353 410
	tri 524 412 354 378
	tri 525 411 354 409
	tri 526 353 349 410
	tri 527 207 208 223
	tri 528 213 224 215
	tri 529 213 211 224
	tri 530 207 223 211
	tri 531 358 221 412
	tri 532 375 347 379
	tri 533 222 354 412
	tri 534 348 221 358
	tri 535 222 412 221
	tri 536 219 221 348
	tri 537 354 222 220
	tri 538 224 413 223
	tri 539 210 209 220
	tri 540 352 220 209
	tri 541 352 209 350
	tri 542 216 348 214
	tri 543 212 350 209
	tri 544 214 350 212
	tri 545 215 216 214
	tri 546 224 217 215
	tri 547 215 214 213
	tri 548 218 223 208
	tri 549 413 224 211
	tri 550 223 413 211
	tri 551 212 209 207
	tri 552 206 414 203
	tri 553 415 203 414
	tri 554 200 203 415
	tri 555 415 416 200
	tri 556 200 416 199
	tri 557 206 199 315
	tri 558 417 199 416
	tri 559 315 199 417
	tri 560 315 417 418
	tri 561 195 189 187
	tri 562 316 183 414
	tri 563 197 316 418
	tri 564 196 416 419
	tri 565 196 195 416
	tri 566 193 196 419
	tri 567 194 196 193
	tri 568 184 414 183
	tri 569 415 414 184
	tri 570 206 316 414
	tri 571 315 418 316
	tri 572 195 197 420
	tri 573 420 416 195
	tri 574 417 416 420
	tri 575 417 420 418
	tri 576 418 420 197

	numweights 421
	weight 0 16 1.000000 ( 380.953325 -33.012281 920.245593 )
	weight 1 14 1.000000 ( 1057.688551 2247.134324 1790.189610 )
	weight 2 16 1.000000 ( 1244.139744 240.990685 -250.192076 )
	weight 3 14 1.000000 ( -2158.997423 2155.734910 189.744664 )
	weight 4 14 1.000000 ( -2024.589403 2843.534714 1039.052708 )
	weight 5 20 1.000000 ( -937.284397 -32.968288 316.360808 )
	weight 6 20 1.000000 ( -937.284397 -32.968288 316.360808 )
	weight 7 20 1.000000 ( -617.568534 240.997376 -1102.378983 )
	weight 8 14 1.000000 ( -2158.997423 2155.734910 189.744664 )
	weight 9 20 1.000000 ( -181.434737 477.019490 -1445.762324 )
	weight 10 20 1.000000 ( -617.568534 240.997376 -1102.378983 )
	weight 11 20 1.000000 ( -177.615318 5176.040189 -1469.532832 )
	weight 12 14 1.000000 ( 268.438551 2908.734910 2179.939610 )
	weight 13 16 1.000000 ( -388.374550 237.017713 1136.007669 )
	weight 14 16 1.000000 ( -155.239976 3971.981458 1402.233577 )
	weight 15 16 1.000000 ( 380.953325 -33.012281 920.245593 )
	weight 16 16 1.000000 ( 994.492342 4230.983203 637.339596 )
	weight 17 16 1.000000 ( -388.374550 237.017713 1136.007669 )
	weight 18 17 1.000000 ( -719.745360 7564.000257 329.473815 )
	weight 19 18 1.000000 ( -903.761073 1228.844759 -517.302181 )
	weight 20 18 1.000000 ( -282.380071 269.803000 -767.672571 )
	weight 21 17 1.000000 ( -719.745360 7564.000257 329.473815 )
	weight 22 18 1.000000 ( -348.666072 1560.063048 216.622554 )
	weight 23 18 1.000000 ( -903.761073 1228.844759 -517.302181 )
	weight 24 18 1.000000 ( -433.533146 882.412551 -1161.682881 )
	weight 25 18 1.000000 ( 1933.012122 265.077142 -2299.885281 )
	weight 26 18 1.000000 ( 923.415313 92.000058 -1258.289685 )
	weight 27 17 1.000000 ( -462.552768 7557.000835 -321.809882 )
	weight 28 17 1.000000 ( 396.446887 7548.997078 -483.190388 )
	weight 29 17 1.000000 ( -166.421448 7564.002344 777.555374 )
	weight 30 18 1.000000 ( 454.348030 709.391664 206.386006 )
	weight 31 18 1.000000 ( -348.666072 1560.063048 216.622554 )
	weight 32 18 1.000000 ( 500.705509 1439.860633 73.532405 )
	weight 33 17 1.000000 ( 417.168060 7556.998182 390.585390 )
	weight 34 18 1.000000 ( 2565.381818 1081.131259 -1699.298710 )
	weight 35 18 1.000000 ( 2037.729518 681.959530 -2567.227586 )
	weight 36 18 1.000000 ( 1856.886709 1504.813108 -926.882574 )
	weight 37 18 1.000000 ( 1369.534045 358.192991 -668.448441 )
	weight 38 18 1.000000 ( 923.415313 92.000058 -1258.289685 )
	weight 39 18 1.000000 ( 2460.664039 664.250699 -1431.957304 )
	weight 40 18 1.000000 ( 1826.532550 982.177634 -668.059891 )
	weight 41 22 1.000000 ( 1214.340627 917.829598 110.689016 )
	weight 42 22 1.000000 ( 955.202467 897.280535 940.620757 )
	weight 43 22 1.000000 ( 800.778507 326.027406 -68.525829 )
	weight 44 22 1.000000 ( 515.212255 728.921975 -1286.063815 )
	weight 45 22 1.000000 ( 796.241012 1511.136441 -2487.452198 )
	weight 46 21 1.000000 ( 195.729497 7564.000649 770.699296 )
	weight 47 21 1.000000 ( 195.729497 7564.000649 770.699296 )
	weight 48 22 1.000000 ( 955.202467 897.280535 940.620757 )
	weight 49 22 1.000000 ( 37.781418 1216.006055 1055.643865 )
	weight 50 21 1.000000 ( 547.123230 7557.000341 165.027523 )
	weight 51 21 1.000000 ( 140.973010 7549.002292 -608.896567 )
	weight 52 22 1.000000 ( -222.109502 985.079257 -1193.622173 )
	weight 53 22 1.000000 ( 515.212255 728.921975 -1286.063815 )
	weight 54 22 1.000000 ( -52.784569 2326.120534 -2283.713606 )
	weight 55 22 1.000000 ( -280.776917 2256.050715 -1178.629265 )
	weight 56 22 1.000000 ( 958.667887 1989.595952 -2517.770774 )
	weight 57 21 1.000000 ( -498.938048 7563.999296 614.542942 )
	weight 58 22 1.000000 ( 37.781418 1216.006055 1055.643865 )
	weight 59 22 1.000000 ( -416.820083 749.040403 84.126646 )
	weight 60 22 1.000000 ( -329.709241 1454.256761 304.275367 )
	weight 61 21 1.000000 ( -557.313232 7557.002609 -83.250280 )
	weight 62 22 1.000000 ( -215.202926 1847.654479 -2253.385347 )
	weight 63 22 1.000000 ( -479.234438 1712.011569 -1254.067843 )
	weight 64 17 1.000000 ( 416.584266 7548.998695 -508.057157 )
	weight 65 17 1.000000 ( -481.205510 7564.997131 -336.921020 )
	weight 66 17 1.000000 ( 436.597487 7564.995053 406.318271 )
	weight 67 17 1.000000 ( 447.418385 6439.994759 -546.135409 )
	weight 68 17 1.000000 ( 468.640248 6448.998137 454.144121 )
	weight 69 17 1.000000 ( 1159.974059 5141.999183 -585.471668 )
	weight 70 17 1.000000 ( -194.644509 6456.994313 901.392067 )
	weight 71 17 1.000000 ( 772.665243 4583.997842 830.306257 )
	weight 72 17 1.000000 ( -620.565343 3817.999285 1536.988982 )
	weight 73 17 1.000000 ( -534.639895 6448.993234 -358.319221 )
	weight 74 17 1.000000 ( -927.709259 4583.998037 -546.662704 )
	weight 75 17 1.000000 ( -834.228889 6456.994647 383.456982 )
	weight 76 17 1.000000 ( -1368.178441 3817.998552 931.579633 )
	weight 77 17 1.000000 ( 368.843563 5141.998432 -1226.125504 )
	weight 78 17 1.000000 ( -534.639895 6448.993234 -358.319221 )
	weight 79 17 1.000000 ( 1287.730622 124.995221 -743.231521 )
	weight 80 17 1.000000 ( -269.195020 1309.997939 1173.000609 )
	weight 81 17 1.000000 ( 994.021499 684.000224 717.452660 )
	weight 82 17 1.000000 ( -902.983090 683.994866 -818.732278 )
	weight 83 17 1.000000 ( -927.709259 4583.998037 -546.662704 )
	weight 84 17 1.000000 ( 496.601092 125.002287 -1383.891496 )
	weight 85 17 1.000000 ( -902.983090 683.994866 -818.732278 )
	weight 86 16 1.000000 ( -1262.931414 3971.990926 620.082964 )
	weight 87 17 1.000000 ( -1085.187574 1309.998757 512.211160 )
	weight 88 16 1.000000 ( -917.004391 4230.989623 -712.387829 )
	weight 89 16 1.000000 ( 1233.703369 5175.992038 -823.124427 )
	weight 90 16 1.000000 ( 264.299600 -74.981539 -1868.748576 )
	weight 91 16 1.000000 ( 402.116680 5175.990508 -1410.312387 )
	weight 92 16 1.000000 ( -917.004391 4230.989623 -712.387829 )
	weight 93 16 1.000000 ( 1244.139744 240.990685 -250.192076 )
	weight 94 16 1.000000 ( 1218.223701 476.994416 -804.676810 )
	weight 95 14 1.000000 ( -207.121385 3318.334519 235.715657 )
	weight 96 16 1.000000 ( -1214.464118 -16.059776 551.467597 )
	weight 97 14 1.000000 ( -207.121385 3318.334519 235.715657 )
	weight 98 14 1.000000 ( 1708.278639 2536.834519 -185.196376 )
	weight 99 16 1.000000 ( 264.299600 -74.981539 -1868.748576 )
	weight 100 16 1.000000 ( 1218.223701 476.994416 -804.676810 )
	weight 101 14 1.000000 ( 351.888624 3286.334519 -886.000331 )
	weight 102 14 1.000000 ( 394.628615 3117.434128 -962.250331 )
	weight 103 14 1.000000 ( -207.121385 3318.334519 235.715657 )
	weight 104 14 1.000000 ( 1864.078444 2701.234910 430.947970 )
	weight 105 14 1.000000 ( -1209.753389 2933.334519 1453.199681 )
	weight 106 14 1.000000 ( -207.121385 3318.334519 235.715657 )
	weight 107 20 1.000000 ( 385.939127 -15.918958 1281.020114 )
	weight 108 14 1.000000 ( -1209.753389 2933.334519 1453.199681 )
	weight 109 14 1.000000 ( -555.498338 2951.934128 1778.729649 )
	weight 110 14 1.000000 ( -207.121385 3318.334519 235.715657 )
	weight 111 14 1.000000 ( -555.498338 2951.934128 1778.729649 )
	weight 112 14 1.000000 ( -207.121385 3318.334519 235.715657 )
	weight 113 20 1.000000 ( 1247.434849 -74.920812 -1421.212888 )
	weight 114 20 1.000000 ( 1147.567841 4231.039469 229.026314 )
	weight 115 20 1.000000 ( 1147.567841 4231.039469 229.026314 )
	weight 116 20 1.000000 ( 365.769582 3972.040661 1362.557734 )
	weight 117 16 1.000000 ( -1214.464118 -16.059776 551.467597 )
	weight 118 20 1.000000 ( 1247.434849 -74.920812 -1421.212888 )
	weight 119 14 1.000000 ( -989.290361 2460.134324 -1527.360317 )
	weight 120 20 1.000000 ( -181.434737 477.019490 -1445.762324 )
	weight 121 20 1.000000 ( 811.622489 5176.037051 -1225.048534 )
	weight 122 14 1.000000 ( 1194.508620 897.434128 1513.689610 )
	weight 123 14 1.000000 ( 1763.998610 1048.534714 360.475072 )
	weight 124 20 1.000000 ( 385.939127 -15.918958 1281.020114 )
	weight 125 20 1.000000 ( -595.782039 237.050128 1039.418454 )
	weight 126 14 1.000000 ( -880.319353 1992.534714 1664.479649 )
	weight 127 20 1.000000 ( 1147.567841 4231.039469 229.026314 )
	weight 128 21 1.000000 ( 1210.083496 684.003227 202.332928 )
	weight 129 20 1.000000 ( 365.769582 3972.040661 1362.557734 )
	weight 130 21 1.000000 ( 279.025806 1309.995236 1170.703781 )
	weight 131 14 1.000000 ( 419.488600 2032.234910 2184.669591 )
	weight 132 14 1.000000 ( 512.178541 1037.334519 1805.939610 )
	weight 133 21 1.000000 ( 125.553989 3817.996721 1652.785273 )
	weight 134 21 1.000000 ( 1011.998060 4584.002441 390.470375 )
	weight 135 21 1.000000 ( 225.366526 6457.003234 894.209416 )
	weight 136 21 1.000000 ( 621.446568 6449.004365 199.157345 )
	weight 137 21 1.000000 ( 741.860649 5141.998913 -1047.791493 )
	weight 138 21 1.000000 ( 1011.998060 4584.002441 390.470375 )
	weight 139 21 1.000000 ( 786.388276 125.000601 -1245.858924 )
	weight 140 21 1.000000 ( 621.446568 6449.004365 199.157345 )
	weight 141 21 1.000000 ( 1210.083496 684.003227 202.332928 )
	weight 142 21 1.000000 ( 158.743053 6440.001454 -687.920060 )
	weight 143 21 1.000000 ( 147.989624 7549.001548 -640.118659 )
	weight 144 21 1.000000 ( -580.733814 7565.003070 -88.511635 )
	weight 145 21 1.000000 ( 571.513047 7565.001715 170.508450 )
	weight 146 21 1.000000 ( -638.118706 6449.004493 -83.986395 )
	weight 147 21 1.000000 ( -1122.732296 4584.004349 -89.412321 )
	weight 148 21 1.000000 ( -577.604159 6456.996793 713.704454 )
	weight 149 21 1.000000 ( -813.019941 3817.998471 1441.795462 )
	weight 150 21 1.000000 ( -1171.483400 684.006116 -333.042934 )
	weight 151 21 1.000000 ( -252.328373 5142.001936 -1271.283157 )
	weight 152 21 1.000000 ( -745.408846 1309.996453 940.413933 )
	weight 153 20 1.000000 ( -950.628281 3972.037241 1037.218342 )
	weight 154 21 1.000000 ( -207.800492 125.003790 -1469.350561 )
	weight 155 20 1.000000 ( -1124.090137 4231.034206 -332.401906 )
	weight 156 20 1.000000 ( -1124.090137 4231.034206 -332.401906 )
	weight 157 20 1.000000 ( -595.782039 237.050128 1039.418454 )
	weight 158 20 1.000000 ( -950.628281 3972.037241 1037.218342 )
	weight 159 20 1.000000 ( -937.284397 -32.968288 316.360808 )
	weight 160 14 1.000000 ( -1581.723406 2603.234910 -1283.500331 )
	weight 161 14 1.000000 ( -1390.031690 958.834519 -1208.800380 )
	weight 162 14 1.000000 ( -1959.517442 807.834519 -55.589351 )
	weight 163 14 1.000000 ( -1959.517442 807.834519 -55.589351 )
	weight 164 14 1.000000 ( -2079.395433 1961.234910 941.359654 )
	weight 165 14 1.000000 ( -1788.008409 971.934128 661.486683 )
	weight 166 14 1.000000 ( -749.593370 1239.434128 -1474.540248 )
	weight 167 14 1.000000 ( 524.958571 1878.134324 -1153.400356 )
	weight 168 14 1.000000 ( 467.358595 2489.634324 -1072.560268 )
	weight 169 14 1.000000 ( 582.418532 462.534714 -1188.020351 )
	weight 170 14 1.000000 ( -1711.912401 138.234910 430.416070 )
	weight 171 14 1.000000 ( 1578.338454 1305.534714 -316.288356 )
	weight 172 14 1.000000 ( 688.518507 206.434128 1624.739659 )
	weight 173 14 1.000000 ( -713.731432 397.834519 -1536.720302 )
	weight 174 14 1.000000 ( 1281.188551 275.034714 1368.297703 )
	weight 175 14 1.000000 ( -1867.469408 185.534714 -198.309352 )
	weight 176 14 1.000000 ( 1643.738600 464.834519 -363.774379 )
	weight 177 1 1.000000 ( -2537.002225 -130.676925 -195.836654 )
	weight 178 1 1.000000 ( -2041.388272 66.622880 1480.615372 )
	weight 179 1 1.000000 ( -1944.366238 -182.077316 32.009354 )
	weight 180 1 1.000000 ( -1628.297238 -132.476730 638.360383 )
	weight 181 1 1.000000 ( -2095.810269 -380.976730 -1335.084579 )
	weight 182 1 1.000000 ( -1527.505231 -430.177902 -1107.774642 )
	weight 183 13 1.000000 ( -523.388753 1432.354936 332.061559 )
	weight 184 13 1.000000 ( -556.999032 1443.395540 -742.706331 )
	weight 185 13 1.000000 ( -303.925005 1885.657452 124.355703 )
	weight 186 13 1.000000 ( -345.968271 1871.576102 -778.754016 )
	weight 187 13 1.000000 ( -523.388753 1432.354936 332.061559 )
	weight 188 13 1.000000 ( -303.925005 1885.657452 124.355703 )
	weight 189 13 1.000000 ( -611.200123 1577.565355 309.653264 )
	weight 190 13 1.000000 ( -369.763371 2037.647129 93.886296 )
	weight 191 13 1.000000 ( -418.336078 2048.004711 -801.119171 )
	weight 192 13 1.000000 ( -345.968271 1871.576102 -778.754016 )
	weight 193 13 1.000000 ( -556.999032 1443.395540 -742.706331 )
	weight 194 13 1.000000 ( -681.083933 1601.122008 -764.790638 )
	weight 195 13 1.000000 ( -683.074357 1213.531632 348.253797 )
	weight 196 13 1.000000 ( -752.583039 1220.115327 -724.250022 )
	weight 197 13 1.000000 ( -222.129769 81.521809 426.246615 )
	weight 198 13 1.000000 ( 211.070737 255.905613 421.426887 )
	weight 199 13 1.000000 ( 96.235386 694.962604 -993.362541 )
	weight 200 13 1.000000 ( -82.052097 870.651754 -872.272721 )
	weight 201 13 1.000000 ( 10.446894 1246.820065 -1232.692037 )
	weight 202 13 1.000000 ( -64.022679 1320.820862 -1182.241965 )
	weight 203 13 1.000000 ( 21.429531 966.946220 -682.209224 )
	weight 204 13 1.000000 ( -3.515992 1374.279584 -1073.366288 )
	weight 205 13 1.000000 ( 103.985644 1304.757008 -1099.125619 )
	weight 206 13 1.000000 ( 273.012915 803.770431 -740.810532 )
	weight 207 12 1.000000 ( 780.610600 2614.996754 110.813105 )
	weight 208 12 1.000000 ( 179.414864 2860.004541 882.336173 )
	weight 209 12 1.000000 ( 914.107423 1023.006264 109.461292 )
	weight 210 12 1.000000 ( 111.242309 54.996311 1215.392356 )
	weight 211 12 1.000000 ( 222.499885 2861.999795 -767.417441 )
	weight 212 12 1.000000 ( 320.700855 1024.018153 -1107.471082 )
	weight 213 12 1.000000 ( -973.171911 2615.019882 -390.440551 )
	weight 214 12 1.000000 ( -1270.116106 979.010932 -537.768813 )
	weight 215 12 1.000000 ( -784.969459 2860.006457 606.679970 )
	weight 216 12 1.000000 ( -905.023051 54.990801 924.855219 )
	weight 217 12 1.000000 ( -493.436752 3460.986837 612.984964 )
	weight 218 12 1.000000 ( 96.865425 3461.005518 781.801126 )
	weight 219 11 1.000000 ( -976.363614 3582.998812 804.584151 )
	weight 220 11 1.000000 ( -109.770738 3583.008295 1193.822332 )
	weight 221 11 1.000000 ( -957.380272 1178.008765 571.934477 )
	weight 222 11 1.000000 ( 47.850988 1186.034917 1023.460861 )
	weight 223 12 1.000000 ( 564.790012 3462.014287 127.181239 )
	weight 224 12 1.000000 ( -551.455213 3462.000919 -191.951177 )
	weight 225 5 1.000000 ( -892.776879 1022.998272 -189.880824 )
	weight 226 5 1.000000 ( -488.155299 55.012277 1115.513186 )
	weight 227 5 1.000000 ( -766.777750 2614.992337 -145.670420 )
	weight 228 5 1.000000 ( -445.569285 2859.997135 778.172884 )
	weight 229 5 1.000000 ( 43.094125 2861.988717 -797.835833 )
	weight 230 5 1.000000 ( 1056.040481 2614.993738 -56.365215 )
	weight 231 5 1.000000 ( 60.382792 1024.020188 -1151.359720 )
	weight 232 5 1.000000 ( 1383.562249 979.002480 -100.396201 )
	weight 233 5 1.000000 ( 278.193371 3460.979506 739.500409 )
	weight 234 5 1.000000 ( 591.935803 3461.981372 -4.047339 )
	weight 235 5 1.000000 ( -335.071903 3460.985216 709.477862 )
	weight 236 5 1.000000 ( -567.681052 3462.012891 -60.789055 )
	weight 237 4 1.000000 ( -462.992679 3582.962651 1103.091992 )
	weight 238 4 1.000000 ( -520.693395 1185.928116 878.248879 )
	weight 239 4 1.000000 ( 484.456330 3582.921665 1172.604386 )
	weight 240 4 1.000000 ( 579.352123 1177.929505 958.990894 )
	weight 241 5 1.000000 ( 568.585431 54.993066 1167.239035 )
	weight 242 5 1.000000 ( 556.225015 2860.001492 827.248361 )
	weight 243 6 1.000000 ( -387.605462 1178.138477 -1221.969742 )
	weight 244 6 1.000000 ( -495.974941 1107.860108 -1199.355851 )
	weight 245 6 1.000000 ( -269.929452 840.605866 -784.347268 )
	weight 246 6 1.000000 ( -520.937238 675.131064 -730.203448 )
	weight 247 6 1.000000 ( -449.370680 1027.194819 -1345.133538 )
	weight 248 6 1.000000 ( -364.154633 1106.553861 -1334.625876 )
	weight 249 6 1.000000 ( -432.816089 523.259547 -1006.078298 )
	weight 250 6 1.000000 ( -230.994235 712.726363 -979.920593 )
	weight 251 6 1.000000 ( 560.098101 1453.526509 -93.325033 )
	weight 252 6 1.000000 ( -63.237597 321.970540 418.951527 )
	weight 253 6 1.000000 ( 723.795468 1237.124451 -95.695243 )
	weight 254 6 1.000000 ( 354.396169 141.728016 308.780808 )
	weight 255 6 1.000000 ( 438.471204 1068.244063 -1118.043006 )
	weight 256 6 1.000000 ( 345.342296 1438.579841 -1193.394814 )
	weight 257 6 1.000000 ( 630.635771 1591.411686 -166.199653 )
	weight 258 6 1.000000 ( 316.008072 2015.082635 -361.256391 )
	weight 259 6 1.000000 ( 69.727766 1878.745922 -1212.325247 )
	weight 260 6 1.000000 ( 13.974086 1710.147382 -1139.308729 )
	weight 261 6 1.000000 ( 239.938018 1289.381841 -1106.688526 )
	weight 262 6 1.000000 ( 13.974086 1710.147382 -1139.308729 )
	weight 263 6 1.000000 ( 269.095784 1871.398840 -286.970367 )
	weight 264 6 1.000000 ( 269.095784 1871.398840 -286.970367 )
	weight 265 6 1.000000 ( 560.098101 1453.526509 -93.325033 )
	weight 266 6 1.000000 ( 239.938018 1289.381841 -1106.688526 )
	weight 267 1 1.000000 ( 2368.587619 -775.277511 383.541482 )
	weight 268 1 1.000000 ( 1794.747775 -723.576339 171.170365 )
	weight 269 1 1.000000 ( 1971.107639 -528.877120 1539.615372 )
	weight 270 1 1.000000 ( 1377.887668 -475.476730 1310.954423 )
	weight 271 1 1.000000 ( 750.857639 -342.576339 1554.245377 )
	weight 272 1 1.000000 ( 521.917697 -159.776534 2467.385392 )
	weight 273 1 1.000000 ( -2041.388272 66.622880 1480.615372 )
	weight 274 1 1.000000 ( -1628.297238 -132.476730 638.360383 )
	weight 275 1 1.000000 ( -28.252225 -3343.576339 3166.085221 )
	weight 276 1 1.000000 ( -8.142239 -2323.277511 3347.925309 )
	weight 277 1 1.000000 ( -2591.562161 -3117.177902 2179.305314 )
	weight 278 1 1.000000 ( -2571.442166 -2096.877120 2361.145279 )
	weight 279 1 1.000000 ( 521.917697 -159.776534 2467.385392 )
	weight 280 1 1.000000 ( -2041.388272 66.622880 1480.615372 )
	weight 281 14 1.000000 ( 1793.948561 411.034714 329.959668 )
	weight 282 14 1.000000 ( -1354.712220 321.534714 -1236.650234 )
	weight 283 14 1.000000 ( -1867.469408 185.534714 -198.309352 )
	weight 284 20 1.000000 ( -177.615318 5176.040189 -1469.532832 )
	weight 285 21 1.000000 ( -580.733814 7565.003070 -88.511635 )
	weight 286 20 1.000000 ( 811.622489 5176.037051 -1225.048534 )
	weight 287 21 1.000000 ( -524.276341 7580.001471 640.618479 )
	weight 288 21 1.000000 ( 207.467504 7580.000659 805.111354 )
	weight 289 21 1.000000 ( 571.513047 7565.001715 170.508450 )
	weight 290 21 1.000000 ( 207.467504 7580.000659 805.111354 )
	weight 291 21 1.000000 ( 571.513047 7565.001715 170.508450 )
	weight 292 20 1.000000 ( 1147.567841 4231.039469 229.026314 )
	weight 293 17 1.000000 ( -754.016105 7579.995782 341.607485 )
	weight 294 17 1.000000 ( -481.205510 7564.997131 -336.921020 )
	weight 295 17 1.000000 ( 436.597487 7564.995053 406.318271 )
	weight 296 17 1.000000 ( -171.158375 7580.001876 813.608028 )
	weight 297 17 1.000000 ( -754.016105 7579.995782 341.607485 )
	weight 298 17 1.000000 ( -481.205510 7564.997131 -336.921020 )
	weight 299 22 1.000000 ( -135.320396 1987.114268 378.167567 )
	weight 300 22 1.000000 ( 232.161438 1748.867854 1129.536547 )
	weight 301 22 1.000000 ( 958.667887 1989.595952 -2517.770774 )
	weight 302 22 1.000000 ( 796.241012 1511.136441 -2487.452198 )
	weight 303 22 1.000000 ( 796.241012 1511.136441 -2487.452198 )
	weight 304 22 1.000000 ( 1408.728116 1450.683380 184.580698 )
	weight 305 22 1.000000 ( 1149.592906 1430.141697 1014.513594 )
	weight 306 22 1.000000 ( 1149.592906 1430.141697 1014.513594 )
	weight 307 18 1.000000 ( 530.441615 1951.751247 -179.974082 )
	weight 308 18 1.000000 ( 1933.012122 265.077142 -2299.885281 )
	weight 309 18 1.000000 ( 2037.729518 681.959530 -2567.227586 )
	weight 310 18 1.000000 ( 1933.012122 265.077142 -2299.885281 )
	weight 311 18 1.000000 ( -318.929756 2071.957457 -36.885266 )
	weight 312 18 1.000000 ( -874.025083 1740.735595 -770.808231 )
	weight 313 18 1.000000 ( -403.797179 1394.305008 -1415.190276 )
	weight 314 18 1.000000 ( -874.025083 1740.735595 -770.808231 )
	weight 315 13 1.000000 ( 241.364472 156.244005 -462.406177 )
	weight 316 13 1.000000 ( 211.070737 255.905613 421.426887 )
	weight 317 6 1.000000 ( -377.473092 80.809544 -378.087177 )
	weight 318 6 1.000000 ( -63.237597 321.970540 418.951527 )
	weight 319 10 1.000000 ( 1664.990624 592.970043 -1690.354543 )
	weight 320 10 1.000000 ( 1114.154558 990.978856 -1398.326523 )
	weight 321 1 1.000000 ( -2198.461270 -1917.377120 -1423.714584 )
	weight 322 10 1.000000 ( 57.663330 1172.021603 -782.880273 )
	weight 323 10 1.000000 ( 509.656821 1223.044195 -890.302812 )
	weight 324 3 1.000000 ( -1086.241150 1798.001995 -357.048779 )
	weight 325 3 1.000000 ( -90.832438 1353.043116 -1028.898764 )
	weight 326 1 1.000000 ( 2267.797824 -2311.777511 295.625382 )
	weight 327 3 1.000000 ( 289.914889 1302.035594 -763.889729 )
	weight 328 3 1.000000 ( -523.190838 1000.059761 -1709.261678 )
	weight 329 1 1.000000 ( 1022.757785 -2018.177902 -1025.124618 )
	weight 330 1 1.000000 ( 2285.127658 -908.677902 -519.501693 )
	weight 331 1 1.000000 ( -1453.809232 -578.476730 -1958.854476 )
	weight 332 1 1.000000 ( -364.927151 -1895.677902 -1559.324569 )
	weight 333 1 1.000000 ( 1792.137668 -1911.277511 2332.535294 )
	weight 334 1 1.000000 ( 2107.967746 -2099.076339 980.247391 )
	weight 335 1 1.000000 ( 1971.107639 -528.877120 1539.615372 )
	weight 336 1 1.000000 ( -3146.602200 -1475.076339 431.306977 )
	weight 337 1 1.000000 ( -2537.002225 -130.676925 -195.836654 )
	weight 338 1 1.000000 ( -2504.312161 -1691.777511 -795.304672 )
	weight 339 1 1.000000 ( 2368.587619 -775.277511 383.541482 )
	weight 340 1 1.000000 ( -2095.810269 -380.976730 -1335.084579 )
	weight 341 1 1.000000 ( 2285.127658 -908.677902 -519.501693 )
	weight 342 1 1.000000 ( -1453.809232 -578.476730 -1958.854476 )
	weight 343 10 1.000000 ( 1190.997741 1667.992356 97.490052 )
	weight 344 4 1.000000 ( 757.561601 32.914380 -102.818121 )
	weight 345 4 1.000000 ( 90.582191 611.964521 -1179.491884 )
	weight 346 4 1.000000 ( 1544.737864 2273.923077 19.132936 )
	weight 347 11 1.000000 ( -610.286812 33.004523 -447.347093 )
	weight 348 11 1.000000 ( -1360.856502 2274.046287 -714.246087 )
	weight 349 11 1.000000 ( 488.320584 612.042542 -1077.513735 )
	weight 350 11 1.000000 ( 528.507956 2754.000704 -1166.925137 )
	weight 351 4 1.000000 ( 97.762141 2753.916244 -1277.272203 )
	weight 352 11 1.000000 ( 969.899989 2754.997158 332.549785 )
	weight 353 11 1.000000 ( 1031.830067 1424.026044 -191.014410 )
	weight 354 11 1.000000 ( 554.116619 1434.004826 872.613940 )
	weight 355 4 1.000000 ( -893.363379 1433.943029 504.977326 )
	weight 356 4 1.000000 ( -1003.410752 2754.977112 -167.854941 )
	weight 357 4 1.000000 ( -808.019501 1423.978001 -657.866085 )
	weight 358 11 1.000000 ( -859.825345 33.015102 108.200859 )
	weight 359 10 1.000000 ( -642.910172 994.067575 128.313743 )
	weight 360 11 1.000000 ( -125.638288 -408.981088 -93.718596 )
	weight 361 11 1.000000 ( 150.532993 -293.999595 -632.916502 )
	weight 362 3 1.000000 ( 611.287451 1124.007787 339.683098 )
	weight 363 4 1.000000 ( 163.045463 -409.039083 -22.084520 )
	weight 364 4 1.000000 ( 80.382400 -292.053958 680.740257 )
	weight 365 3 1.000000 ( 610.996732 1301.986545 584.399898 )
	weight 366 4 1.000000 ( 80.382400 -292.053958 680.740257 )
	weight 367 4 1.000000 ( 163.045463 -409.039083 -22.084520 )
	weight 368 4 1.000000 ( 712.965348 32.960745 504.579549 )
	weight 369 1 1.000000 ( 521.917697 -159.776534 2467.385392 )
	weight 370 3 1.000000 ( -815.193211 1797.956348 781.113176 )
	weight 371 1 1.000000 ( 894.077609 -2504.677902 -629.304672 )
	weight 372 1 1.000000 ( 1530.667697 -804.076339 -577.314559 )
	weight 373 1 1.000000 ( 1046.557834 -2899.076339 -923.174545 )
	weight 374 1 1.000000 ( 763.637668 -3875.877120 285.882371 )
	weight 375 11 1.000000 ( 150.532993 -293.999595 -632.916502 )
	weight 376 11 1.000000 ( -387.059137 -291.956991 563.935717 )
	weight 377 10 1.000000 ( -732.600880 1172.081842 355.779227 )
	weight 378 11 1.000000 ( -387.059137 -291.956991 563.935717 )
	weight 379 11 1.000000 ( -125.638288 -408.981088 -93.718596 )
	weight 380 3 1.000000 ( -929.718497 602.065431 -2181.964276 )
	weight 381 4 1.000000 ( 176.418112 -294.058391 -627.742990 )
	weight 382 1 1.000000 ( -2571.442166 -2096.877120 2361.145279 )
	weight 383 1 1.000000 ( -2041.388272 66.622880 1480.615372 )
	weight 384 1 1.000000 ( 1293.327609 -882.677902 -1280.334579 )
	weight 385 10 1.000000 ( 523.851995 1667.991184 1058.629757 )
	weight 386 1 1.000000 ( -2591.562161 -3117.177902 2179.305314 )
	weight 387 1 1.000000 ( -848.484189 -593.976730 -1493.194564 )
	weight 388 1 1.000000 ( -608.933194 -2371.877120 -1207.914535 )
	weight 389 1 1.000000 ( -584.806180 -2754.976730 -1551.194564 )
	weight 390 1 1.000000 ( -1332.770825 -3690.777511 -521.155685 )
	weight 391 1 1.000000 ( 1293.327609 -882.677902 -1280.334579 )
	weight 392 1 1.000000 ( 1530.667697 -804.076339 -577.314559 )
	weight 393 1 1.000000 ( -218.052274 -749.177902 -1862.154525 )
	weight 394 1 1.000000 ( -848.484189 -593.976730 -1493.194564 )
	weight 395 1 1.000000 ( -218.052274 -749.177902 -1862.154525 )
	weight 396 5 1.000000 ( 22.193518 3232.984700 -2.911769 )
	weight 397 6 1.000000 ( 359.329399 -49.185136 -133.411845 )
	weight 398 6 1.000000 ( 40.150785 -99.434312 -488.258692 )
	weight 399 6 1.000000 ( 354.340070 517.479203 -918.257045 )
	weight 400 6 1.000000 ( 138.981654 774.991304 -911.266259 )
	weight 401 6 1.000000 ( 220.645577 721.634350 -297.437785 )
	weight 402 6 1.000000 ( 138.981654 774.991304 -911.266259 )
	weight 403 5 1.000000 ( 46.890873 3463.001842 -752.574049 )
	weight 404 4 1.000000 ( -147.565195 599.952053 985.874881 )
	weight 405 4 1.000000 ( 176.418112 -294.058391 -627.742990 )
	weight 406 3 1.000000 ( -90.832438 1353.043116 -1028.898764 )
	weight 407 3 1.000000 ( -815.193211 1797.956348 781.113176 )
	weight 408 3 1.000000 ( -1086.241150 1798.001995 -357.048779 )
	weight 409 10 1.000000 ( 1190.997741 1667.992356 97.490052 )
	weight 410 10 1.000000 ( 509.656821 1223.044195 -890.302812 )
	weight 411 10 1.000000 ( 523.851995 1667.991184 1058.629757 )
	weight 412 11 1.000000 ( -331.534476 599.997271 940.719767 )
	weight 413 12 1.000000 ( 205.296645 3463.008539 -725.479475 )
	weight 414 13 1.000000 ( -284.328010 754.713246 -87.788616 )
	weight 415 13 1.000000 ( -407.671923 908.250818 -677.217107 )
	weight 416 13 1.000000 ( -618.412735 647.796848 -655.119826 )
	weight 417 13 1.000000 ( -192.706547 -18.538425 -457.646009 )
	weight 418 12 1.000000 ( -12.340998 3232.997269 -7.691442 )
	weight 419 13 1.000000 ( -407.671923 908.250818 -677.217107 )
	weight 420 13 1.000000 ( -376.707137 -36.764686 -14.777282 )
}

mesh {
	shader "squall_head"

	numverts 306
	vert 0 ( 0.867188 2.242190 ) 0 1
	vert 1 ( 0.765625 2.382810 ) 1 1
	vert 2 ( 0.968750 2.382810 ) 2 1
	vert 3 ( 0.304688 2.328130 ) 3 1
	vert 4 ( 0.296875 2.281250 ) 4 1
	vert 5 ( 0.312500 2.273440 ) 5 1
	vert 6 ( 0.265625 2.289060 ) 6 1
	vert 7 ( 0.195313 2.328130 ) 7 1
	vert 8 ( 0.304688 2.328130 ) 8 1
	vert 9 ( 0.312500 2.273440 ) 9 1
	vert 10 ( 0.296875 2.281250 ) 10 1
	vert 11 ( 0.265625 2.289060 ) 11 1
	vert 12 ( 0.195313 2.328130 ) 12 1
	vert 13 ( 0.210938 2.367190 ) 13 1
	vert 14 ( 0.109375 2.320310 ) 14 1
	vert 15 ( 0.078125 2.375000 ) 15 1
	vert 16 ( 0.054687 2.250000 ) 16 1
	vert 17 ( 0.109375 2.312500 ) 17 1
	vert 18 ( 0.148438 2.226560 ) 18 1
	vert 19 ( 0.265625 2.226560 ) 19 1
	vert 20 ( 0.210938 2.367190 ) 20 1
	vert 21 ( 0.109375 2.312500 ) 21 1
	vert 22 ( 0.078125 2.375000 ) 22 1
	vert 23 ( 0.007812 2.226560 ) 23 1
	vert 24 ( 0.148438 2.226560 ) 24 1
	vert 25 ( 0.562500 2.078130 ) 25 1
	vert 26 ( 0.562500 2.007810 ) 26 1
	vert 27 ( 0.671875 2.007810 ) 27 1
	vert 28 ( 0.265625 2.226560 ) 28 1
	vert 29 ( 0.679688 2.078130 ) 29 1
	vert 30 ( 0.750000 2.078130 ) 30 1
	vert 31 ( 0.492188 2.078130 ) 31 1
	vert 32 ( 0.750000 2.007810 ) 32 1
	vert 33 ( 0.984375 2.078130 ) 33 1
	vert 34 ( 0.984375 2.007810 ) 34 1
	vert 35 ( 0.867188 2.007810 ) 35 1
	vert 36 ( 0.562500 2.078130 ) 36 1
	vert 37 ( 0.671875 2.007810 ) 37 1
	vert 38 ( 0.562500 2.007810 ) 38 1
	vert 39 ( 0.500000 2.007810 ) 39 1
	vert 40 ( 0.007812 2.226560 ) 40 1
	vert 41 ( 0.210938 2.203130 ) 41 1
	vert 42 ( 0.867188 2.421880 ) 42 1
	vert 43 ( 0.937500 2.453130 ) 43 1
	vert 44 ( 0.679688 2.078130 ) 44 1
	vert 45 ( 0.750000 2.078130 ) 45 1
	vert 46 ( 0.492188 2.078130 ) 46 1
	vert 47 ( 0.750000 2.007810 ) 47 1
	vert 48 ( 0.500000 2.007810 ) 48 1
	vert 49 ( 0.250000 2.007810 ) 49 1
	vert 50 ( 0.117188 2.148440 ) 50 1
	vert 51 ( 0.031250 2.148440 ) 51 1
	vert 52 ( 0.148438 2.203130 ) 52 1
	vert 53 ( 0.007812 2.070310 ) 53 1
	vert 54 ( 0.054687 2.250000 ) 54 1
	vert 55 ( 0.109375 2.320310 ) 55 1
	vert 56 ( 0.210938 2.203130 ) 56 1
	vert 57 ( 0.796875 2.453130 ) 57 1
	vert 58 ( 0.148438 2.203130 ) 58 1
	vert 59 ( 0.867188 2.078130 ) 59 1
	vert 60 ( 0.257813 2.078130 ) 60 1
	vert 61 ( 0.953125 2.242190 ) 61 1
	vert 62 ( 0.781250 2.242190 ) 62 1
	vert 63 ( 0.570313 2.679690 ) 63 1
	vert 64 ( 0.453125 2.671880 ) 64 1
	vert 65 ( 0.453125 2.679690 ) 65 1
	vert 66 ( 0.625000 2.570310 ) 66 1
	vert 67 ( 0.664063 2.398440 ) 67 1
	vert 68 ( 0.546875 2.468750 ) 68 1
	vert 69 ( 0.570313 2.390630 ) 69 1
	vert 70 ( 0.476563 2.484380 ) 70 1
	vert 71 ( 0.546875 2.468750 ) 71 1
	vert 72 ( 0.476563 2.476560 ) 72 1
	vert 73 ( 0.476563 2.484380 ) 73 1
	vert 74 ( 0.453125 2.523440 ) 74 1
	vert 75 ( 0.671875 2.429690 ) 75 1
	vert 76 ( 0.664063 2.398440 ) 76 1
	vert 77 ( 0.671875 2.429690 ) 77 1
	vert 78 ( 0.476563 2.476560 ) 78 1
	vert 79 ( 0.570313 2.390630 ) 79 1
	vert 80 ( 0.453125 2.195310 ) 80 1
	vert 81 ( 0.359375 2.187500 ) 81 1
	vert 82 ( 0.453125 2.250000 ) 82 1
	vert 83 ( 0.484375 2.250000 ) 83 1
	vert 84 ( 0.554688 2.187500 ) 84 1
	vert 85 ( 0.429688 2.250000 ) 85 1
	vert 86 ( 0.429688 2.265630 ) 86 1
	vert 87 ( 0.476563 2.265630 ) 87 1
	vert 88 ( 0.476563 2.265630 ) 88 1
	vert 89 ( 0.593750 2.312500 ) 89 1
	vert 90 ( 0.492188 2.343750 ) 90 1
	vert 91 ( 0.601563 2.234380 ) 91 1
	vert 92 ( 0.679688 2.335940 ) 92 1
	vert 93 ( 0.492188 2.343750 ) 93 1
	vert 94 ( 0.593750 2.312500 ) 94 1
	vert 95 ( 0.601563 2.234380 ) 95 1
	vert 96 ( 0.679688 2.335940 ) 96 1
	vert 97 ( 0.453125 2.328130 ) 97 1
	vert 98 ( 0.414063 2.554690 ) 98 1
	vert 99 ( 0.421875 2.578130 ) 99 1
	vert 100 ( 0.335938 2.656250 ) 100 1
	vert 101 ( 0.335938 2.578130 ) 101 1
	vert 102 ( 0.335938 2.632810 ) 102 1
	vert 103 ( 0.460938 2.554690 ) 103 1
	vert 104 ( 0.476563 2.671880 ) 104 1
	vert 105 ( 0.343750 2.546880 ) 105 1
	vert 106 ( 0.335938 2.687500 ) 106 1
	vert 107 ( 0.156250 2.695310 ) 107 1
	vert 108 ( 0.179688 2.656250 ) 108 1
	vert 109 ( 0.109375 2.593750 ) 109 1
	vert 110 ( 0.937500 2.679690 ) 110 1
	vert 111 ( 0.757813 2.718750 ) 111 1
	vert 112 ( 0.757813 2.656250 ) 112 1
	vert 113 ( 0.648438 2.640630 ) 113 1
	vert 114 ( 0.648438 2.734380 ) 114 1
	vert 115 ( 0.460938 2.554690 ) 115 1
	vert 116 ( 0.625000 2.570310 ) 116 1
	vert 117 ( 0.570313 2.679690 ) 117 1
	vert 118 ( 0.335938 2.687500 ) 118 1
	vert 119 ( 0.476563 2.671880 ) 119 1
	vert 120 ( 0.343750 2.546880 ) 120 1
	vert 121 ( 0.195313 2.421880 ) 121 1
	vert 122 ( 0.164063 2.546880 ) 122 1
	vert 123 ( 0.312500 2.515630 ) 123 1
	vert 124 ( 0.304688 2.671880 ) 124 1
	vert 125 ( 0.312500 2.601560 ) 125 1
	vert 126 ( 0.242188 2.656250 ) 126 1
	vert 127 ( 0.257813 2.695310 ) 127 1
	vert 128 ( 0.062500 2.484380 ) 128 1
	vert 129 ( 0.312500 2.546880 ) 129 1
	vert 130 ( 0.281250 2.460940 ) 130 1
	vert 131 ( 0.156250 2.492190 ) 131 1
	vert 132 ( 0.851563 2.531250 ) 132 1
	vert 133 ( 0.890625 2.609380 ) 133 1
	vert 134 ( 0.953125 2.523440 ) 134 1
	vert 135 ( 0.992188 2.578130 ) 135 1
	vert 136 ( 0.007812 2.398440 ) 136 1
	vert 137 ( 0.187500 2.695310 ) 137 1
	vert 138 ( 0.242188 2.664060 ) 138 1
	vert 139 ( 0.101563 2.726560 ) 139 1
	vert 140 ( 0.195313 2.421880 ) 140 1
	vert 141 ( 0.312500 2.515630 ) 141 1
	vert 142 ( 0.164063 2.546880 ) 142 1
	vert 143 ( 0.062500 2.484380 ) 143 1
	vert 144 ( 0.007812 2.398440 ) 144 1
	vert 145 ( 0.250000 2.398440 ) 145 1
	vert 146 ( 0.148438 2.453130 ) 146 1
	vert 147 ( 0.132813 2.398440 ) 147 1
	vert 148 ( 0.140625 2.445310 ) 148 1
	vert 149 ( 0.132813 2.398440 ) 149 1
	vert 150 ( 0.250000 2.398440 ) 150 1
	vert 151 ( 0.281250 2.460940 ) 151 1
	vert 152 ( 0.171875 2.546880 ) 152 1
	vert 153 ( 0.031250 2.515630 ) 153 1
	vert 154 ( 0.171875 2.398440 ) 154 1
	vert 155 ( 0.007812 2.414060 ) 155 1
	vert 156 ( 0.054687 2.476560 ) 156 1
	vert 157 ( 0.312500 2.625000 ) 157 1
	vert 158 ( 0.015625 2.726560 ) 158 1
	vert 159 ( 0.007812 2.570310 ) 159 1
	vert 160 ( 0.312500 2.625000 ) 160 1
	vert 161 ( 0.679688 2.484380 ) 161 1
	vert 162 ( 0.671875 2.476560 ) 162 1
	vert 163 ( 0.671875 2.546880 ) 163 1
	vert 164 ( 0.710938 2.492190 ) 164 1
	vert 165 ( 0.695313 2.484380 ) 165 1
	vert 166 ( 0.671875 2.578130 ) 166 1
	vert 167 ( 0.781250 2.515630 ) 167 1
	vert 168 ( 0.726563 2.601560 ) 168 1
	vert 169 ( 0.773438 2.617190 ) 169 1
	vert 170 ( 0.828125 2.617190 ) 170 1
	vert 171 ( 0.765625 2.289060 ) 171 1
	vert 172 ( 0.757813 2.218750 ) 172 1
	vert 173 ( 0.718750 2.351560 ) 173 1
	vert 174 ( 0.718750 2.382810 ) 174 1
	vert 175 ( 0.132813 2.046880 ) 175 1
	vert 176 ( 0.171875 2.007810 ) 176 1
	vert 177 ( 0.203125 2.062500 ) 177 1
	vert 178 ( 0.453125 2.351560 ) 178 1
	vert 179 ( 0.414063 2.343750 ) 179 1
	vert 180 ( 0.671875 2.187500 ) 180 1
	vert 181 ( 0.437500 2.484380 ) 181 1
	vert 182 ( 0.539063 2.218750 ) 182 1
	vert 183 ( 0.484375 2.250000 ) 183 1
	vert 184 ( 0.554688 2.187500 ) 184 1
	vert 185 ( 0.539063 2.218750 ) 185 1
	vert 186 ( 0.390625 2.093750 ) 186 1
	vert 187 ( 0.359375 2.093750 ) 187 1
	vert 188 ( 0.648438 2.140630 ) 188 1
	vert 189 ( 0.546875 2.093750 ) 189 1
	vert 190 ( 0.671875 2.187500 ) 190 1
	vert 191 ( 0.671875 2.132810 ) 191 1
	vert 192 ( 0.546875 2.093750 ) 192 1
	vert 193 ( 0.453125 2.101560 ) 193 1
	vert 194 ( 0.312500 2.726560 ) 194 1
	vert 195 ( 0.304688 2.570310 ) 195 1
	vert 196 ( 0.007812 2.640630 ) 196 1
	vert 197 ( 0.312500 2.726560 ) 197 1
	vert 198 ( 0.046875 2.593750 ) 198 1
	vert 199 ( 0.109375 2.710940 ) 199 1
	vert 200 ( 0.187500 2.687500 ) 200 1
	vert 201 ( 0.156250 2.570310 ) 201 1
	vert 202 ( 0.093750 2.585940 ) 202 1
	vert 203 ( 0.703125 2.234380 ) 203 1
	vert 204 ( 0.226563 2.695310 ) 204 1
	vert 205 ( 0.234375 2.578130 ) 205 1
	vert 206 ( 0.203125 2.062500 ) 206 1
	vert 207 ( 0.203125 2.148440 ) 207 1
	vert 208 ( 0.273438 2.101560 ) 208 1
	vert 209 ( 0.265625 2.171880 ) 209 1
	vert 210 ( 0.203125 2.148440 ) 210 1
	vert 211 ( 0.648438 2.640630 ) 211 1
	vert 212 ( 0.757813 2.718750 ) 212 1
	vert 213 ( 0.757813 2.656250 ) 213 1
	vert 214 ( 0.648438 2.734380 ) 214 1
	vert 215 ( 0.437500 2.476560 ) 215 1
	vert 216 ( 0.007812 2.414060 ) 216 1
	vert 217 ( 0.312500 2.398440 ) 217 1
	vert 218 ( 0.312500 2.531250 ) 218 1
	vert 219 ( 0.132813 2.398440 ) 219 1
	vert 220 ( 0.007812 2.546880 ) 220 1
	vert 221 ( 0.132813 2.546880 ) 221 1
	vert 222 ( 0.312500 2.398440 ) 222 1
	vert 223 ( 0.312500 2.546880 ) 223 1
	vert 224 ( 0.625000 2.570310 ) 224 1
	vert 225 ( 0.570313 2.679690 ) 225 1
	vert 226 ( 0.335938 2.687500 ) 226 1
	vert 227 ( 0.343750 2.546880 ) 227 1
	vert 228 ( 0.695313 2.007810 ) 228 1
	vert 229 ( 0.734375 2.007810 ) 229 1
	vert 230 ( 0.695313 2.007810 ) 230 1
	vert 231 ( 0.992188 2.007810 ) 231 1
	vert 232 ( 0.695313 2.007810 ) 232 1
	vert 233 ( 0.734375 2.007810 ) 233 1
	vert 234 ( 0.695313 2.007810 ) 234 1
	vert 235 ( 0.125000 2.117190 ) 235 1
	vert 236 ( 0.070312 2.117190 ) 236 1
	vert 237 ( 0.187500 2.695310 ) 237 1
	vert 238 ( 0.242188 2.664060 ) 238 1
	vert 239 ( 0.312500 2.671880 ) 239 1
	vert 240 ( 0.101563 2.726560 ) 240 1
	vert 241 ( 0.054687 2.046880 ) 241 1
	vert 242 ( 0.125000 2.117190 ) 242 1
	vert 243 ( 0.132813 2.046880 ) 243 1
	vert 244 ( 0.304688 2.570310 ) 244 1
	vert 245 ( 0.023437 2.726560 ) 245 1
	vert 246 ( 0.648438 2.640630 ) 246 1
	vert 247 ( 0.648438 2.734380 ) 247 1
	vert 248 ( 0.937500 2.679690 ) 248 1
	vert 249 ( 0.007812 2.640630 ) 249 1
	vert 250 ( 0.304688 2.570310 ) 250 1
	vert 251 ( 0.304688 2.570310 ) 251 1
	vert 252 ( 0.312500 2.726560 ) 252 1
	vert 253 ( 0.007812 2.640630 ) 253 1
	vert 254 ( 0.648438 2.734380 ) 254 1
	vert 255 ( 0.742188 2.500000 ) 255 1
	vert 256 ( 0.679688 2.593750 ) 256 1
	vert 257 ( 0.039062 2.460940 ) 257 1
	vert 258 ( 0.156250 2.492190 ) 258 1
	vert 259 ( 0.070312 2.695310 ) 259 1
	vert 260 ( 0.007812 2.679690 ) 260 1
	vert 261 ( 0.078125 2.578130 ) 261 1
	vert 262 ( 0.992188 2.500000 ) 262 1
	vert 263 ( 0.937500 2.578130 ) 263 1
	vert 264 ( 0.859375 2.515630 ) 264 1
	vert 265 ( 0.312500 2.546880 ) 265 1
	vert 266 ( 0.703125 2.234380 ) 266 1
	vert 267 ( 0.757813 2.218750 ) 267 1
	vert 268 ( 0.718750 2.351560 ) 268 1
	vert 269 ( 0.289063 2.617190 ) 269 1
	vert 270 ( 0.281250 2.671880 ) 270 1
	vert 271 ( 0.312500 2.687500 ) 271 1
	vert 272 ( 0.898438 2.617190 ) 272 1
	vert 273 ( 0.773438 2.289060 ) 273 1
	vert 274 ( 0.718750 2.382810 ) 274 1
	vert 275 ( 0.851563 2.632810 ) 275 1
	vert 276 ( 0.234375 2.617190 ) 276 1
	vert 277 ( 0.937500 2.679690 ) 277 1
	vert 278 ( 0.757813 2.656250 ) 278 1
	vert 279 ( 0.757813 2.718750 ) 279 1
	vert 280 ( 0.648438 2.640630 ) 280 1
	vert 281 ( 0.648438 2.734380 ) 281 1
	vert 282 ( 0.789063 2.625000 ) 282 1
	vert 283 ( 0.226563 2.695310 ) 283 1
	vert 284 ( 0.218750 2.640630 ) 284 1
	vert 285 ( 0.156250 2.726560 ) 285 1
	vert 286 ( 0.117188 2.640630 ) 286 1
	vert 287 ( 0.039062 2.632810 ) 287 1
	vert 288 ( 0.007812 2.640630 ) 288 1
	vert 289 ( 0.125000 2.570310 ) 289 1
	vert 290 ( 0.171875 2.601560 ) 290 1
	vert 291 ( 0.937500 2.679690 ) 291 1
	vert 292 ( 0.648438 2.640630 ) 292 1
	vert 293 ( 0.648438 2.734380 ) 293 1
	vert 294 ( 0.648438 2.640630 ) 294 1
	vert 295 ( 0.171875 2.007810 ) 295 1
	vert 296 ( 0.007812 2.617190 ) 296 1
	vert 297 ( 0.007812 2.445310 ) 297 1
	vert 298 ( 0.171875 2.570310 ) 298 1
	vert 299 ( 0.007812 2.726560 ) 299 1
	vert 300 ( 0.007812 2.570310 ) 300 1
	vert 301 ( 0.312500 2.648440 ) 301 1
	vert 302 ( 0.171875 2.570310 ) 302 1
	vert 303 ( 0.023437 2.531250 ) 303 1
	vert 304 ( 0.070312 2.695310 ) 304 1
	vert 305 ( 0.078125 2.578130 ) 305 1

	numtris 309
	tri 0 0 2 1
	tri 1 3 5 4
	tri 2 6 3 7
	tri 3 8 10 9
	tri 4 11 12 8
	tri 5 8 13 10
	tri 6 14 16 15
	tri 7 17 18 10
	tri 8 19 10 18
	tri 9 3 4 20
	tri 10 21 23 22
	tri 11 21 4 24
	tri 12 25 27 26
	tri 13 28 24 4
	tri 14 29 30 27
	tri 15 25 26 31
	tri 16 30 32 27
	tri 17 33 35 34
	tri 18 36 38 37
	tri 19 31 26 39
	tri 20 15 40 17
	tri 21 40 15 16
	tri 22 19 18 41
	tri 23 2 43 42
	tri 24 44 37 45
	tri 25 36 46 38
	tri 26 45 37 47
	tri 27 45 47 35
	tri 28 10 19 9
	tri 29 46 48 38
	tri 30 49 48 46
	tri 31 13 8 12
	tri 32 13 17 10
	tri 33 15 13 14
	tri 34 50 52 51
	tri 35 52 41 18
	tri 36 42 1 2
	tri 37 51 53 23
	tri 38 54 22 23
	tri 39 55 22 54
	tri 40 28 56 24
	tri 41 1 42 57
	tri 42 4 5 28
	tri 43 5 3 6
	tri 44 20 4 21
	tri 45 13 12 14
	tri 46 22 55 20
	tri 47 7 20 55
	tri 48 24 58 51
	tri 49 58 24 56
	tri 50 21 22 20
	tri 51 17 13 15
	tri 52 44 36 37
	tri 53 29 27 25
	tri 54 59 35 33
	tri 55 59 45 35
	tri 56 60 49 46
	tri 57 35 47 34
	tri 58 59 33 0
	tri 59 45 59 0
	tri 60 61 2 0
	tri 61 1 62 0
	tri 62 33 61 0
	tri 63 62 45 0
	tri 64 20 7 3
	tri 65 9 11 8
	tri 66 51 23 21
	tri 67 51 17 40
	tri 68 17 51 18
	tri 69 21 24 51
	tri 70 18 51 52
	tri 71 50 51 58
	tri 72 63 65 64
	tri 73 63 64 66
	tri 74 67 69 68
	tri 75 70 72 71
	tri 76 73 74 68
	tri 77 67 68 75
	tri 78 70 71 74
	tri 79 76 77 71
	tri 80 69 78 68
	tri 81 79 71 72
	tri 82 80 82 81
	tri 83 82 84 83
	tri 84 85 82 86
	tri 85 83 87 82
	tri 86 88 90 89
	tri 87 91 89 92
	tri 88 87 94 93
	tri 89 95 96 94
	tri 90 82 97 86
	tri 91 82 87 97
	tri 92 98 66 99
	tri 93 100 99 64
	tri 94 64 66 99
	tri 95 101 99 100
	tri 96 102 104 103
	tri 97 105 102 103
	tri 98 106 104 102
	tri 99 107 109 108
	tri 100 110 112 111
	tri 101 111 113 112
	tri 102 114 113 111
	tri 103 115 117 116
	tri 104 118 115 119
	tri 105 119 115 117
	tri 106 120 115 118
	tri 107 121 123 122
	tri 108 124 126 125
	tri 109 126 124 127
	tri 110 128 121 122
	tri 111 129 131 130
	tri 112 132 134 133
	tri 113 134 135 133
	tri 114 128 136 121
	tri 115 137 139 138
	tri 116 140 142 141
	tri 117 142 140 143
	tri 118 140 144 143
	tri 119 145 130 146
	tri 120 131 146 130
	tri 121 147 145 146
	tri 122 148 150 149
	tri 123 150 148 151
	tri 124 152 154 153
	tri 125 149 155 148
	tri 126 156 146 131
	tri 127 157 159 158
	tri 128 158 159 160
	tri 129 161 163 162
	tri 130 161 162 164
	tri 131 162 166 165
	tri 132 133 167 132
	tri 133 161 164 163
	tri 134 167 163 164
	tri 135 163 167 168
	tri 136 169 168 167
	tri 137 170 169 167
	tri 138 170 167 133
	tri 139 171 173 172
	tri 140 173 171 174
	tri 141 173 174 96
	tri 142 96 174 77
	tri 143 175 177 176
	tri 144 178 97 93
	tri 145 178 179 97
	tri 146 93 97 87
	tri 147 179 86 97
	tri 148 180 96 95
	tri 149 70 74 181
	tri 150 182 95 83
	tri 151 84 182 83
	tri 152 183 185 184
	tri 153 82 80 84
	tri 154 85 81 82
	tri 155 185 183 91
	tri 156 91 184 185
	tri 157 186 81 187
	tri 158 188 189 184
	tri 159 190 188 184
	tri 160 190 184 91
	tri 161 81 186 80
	tri 162 182 84 95
	tri 163 180 95 84
	tri 164 180 84 191
	tri 165 192 191 84
	tri 166 186 193 80
	tri 167 194 196 195
	tri 168 197 195 196
	tri 169 107 199 198
	tri 170 107 201 200
	tri 171 202 201 107
	tri 172 203 96 180
	tri 173 200 201 204
	tri 174 126 204 205
	tri 175 206 208 207
	tri 176 209 207 208
	tri 177 209 208 210
	tri 178 177 210 208
	tri 179 76 96 77
	tri 180 177 175 210
	tri 181 203 173 96
	tri 182 172 173 203
	tri 183 211 213 212
	tri 184 214 211 212
	tri 185 193 192 84
	tri 186 80 193 84
	tri 187 181 215 72
	tri 188 70 181 72
	tri 189 156 216 147
	tri 190 146 156 147
	tri 191 152 218 217
	tri 192 154 152 217
	tri 193 219 136 220
	tri 194 221 219 220
	tri 195 222 219 221
	tri 196 223 222 221
	tri 197 224 103 104
	tri 198 225 224 104
	tri 199 225 104 103
	tri 200 224 225 103
	tri 201 226 65 64
	tri 202 100 226 64
	tri 203 100 64 65
	tri 204 226 100 65
	tri 205 227 98 99
	tri 206 101 227 99
	tri 207 101 99 98
	tri 208 227 101 98
	tri 209 228 229 47
	tri 210 230 228 47
	tri 211 229 231 34
	tri 212 47 229 34
	tri 213 232 32 233
	tri 214 234 232 233
	tri 215 235 210 175
	tri 216 236 235 175
	tri 217 237 239 238
	tri 218 237 238 240
	tri 219 53 241 54
	tri 220 23 53 54
	tri 221 236 243 242
	tri 222 194 244 196
	tri 223 199 245 198
	tri 224 246 248 247
	tri 225 194 250 249
	tri 226 251 253 252
	tri 227 246 254 248
	tri 228 165 166 255
	tri 229 166 256 255
	tri 230 257 258 148
	tri 231 259 261 260
	tri 232 262 264 263
	tri 233 258 265 151
	tri 234 266 268 267
	tri 235 269 271 270
	tri 236 263 264 272
	tri 237 273 267 268
	tri 238 268 274 273
	tri 239 264 275 272
	tri 240 269 270 276
	tri 241 255 275 264
	tri 242 258 151 148
	tri 243 277 279 278
	tri 244 280 278 279
	tri 245 281 280 279
	tri 246 213 277 212
	tri 247 277 278 212
	tri 248 214 212 280
	tri 249 280 212 278
	tri 250 255 256 282
	tri 251 275 255 282
	tri 252 283 285 284
	tri 253 286 285 287
	tri 254 285 288 287
	tri 255 286 289 284
	tri 256 289 286 287
	tri 257 276 284 290
	tri 258 289 290 284
	tri 259 291 292 254
	tri 260 291 293 292
	tri 261 67 92 69
	tri 262 291 294 293
	tri 263 242 243 207
	tri 264 206 207 243
	tri 265 243 295 206
	tri 266 92 75 274
	tri 267 268 92 274
	tri 268 67 75 92
	tri 269 205 125 126
	tri 270 296 198 245
	tri 271 202 107 198
	tri 272 153 154 297
	tri 273 138 239 137
	tri 274 298 239 138
	tri 275 299 301 300
	tri 276 238 239 302
	tri 277 284 276 283
	tri 278 283 276 270
	tri 279 153 303 152
	tri 280 155 257 148
	tri 281 94 79 93
	tri 282 89 90 69
	tri 283 76 79 96
	tri 284 266 190 92
	tri 285 91 92 190
	tri 286 89 69 92
	tri 287 94 96 79
	tri 288 73 68 78
	tri 289 79 76 71
	tri 290 77 74 71
	tri 291 74 75 68
	tri 292 69 90 78
	tri 293 79 72 93
	tri 294 78 90 178
	tri 295 72 215 178
	tri 296 93 72 178
	tri 297 92 268 266
	tri 298 201 205 204
	tri 299 138 139 298
	tri 300 302 240 238
	tri 301 304 305 139
	tri 302 261 240 302
	tri 303 298 139 305
	tri 304 259 240 261
	tri 305 183 88 89
	tri 306 91 183 89
	tri 307 95 94 87
	tri 308 83 95 87

	numweights 306
	weight 0 1 1.000000 ( 234.057712 -2523.677902 -1175.854598 )
	weight 1 1 1.000000 ( 763.637668 -3875.877120 285.882371 )
	weight 2 1 1.000000 ( -1332.770825 -3690.777511 -521.155685 )
	weight 3 3 1.000000 ( -800.815862 1420.041304 -2059.477689 )
	weight 4 3 1.000000 ( -121.303225 466.033500 -2068.150192 )
	weight 5 3 1.000000 ( -929.718497 602.065431 -2181.964276 )
	weight 6 3 1.000000 ( -523.190838 1000.059761 -1709.261678 )
	weight 7 3 1.000000 ( 289.914889 1302.035594 -763.889729 )
	weight 8 10 1.000000 ( 1500.380163 1411.989891 -1623.238873 )
	weight 9 10 1.000000 ( 1664.990624 592.970043 -1690.354543 )
	weight 10 10 1.000000 ( 870.757623 457.036052 -1878.849339 )
	weight 11 10 1.000000 ( 1114.154558 990.978856 -1398.326523 )
	weight 12 10 1.000000 ( 57.663330 1172.021603 -782.880273 )
	weight 13 10 1.000000 ( 12.253161 1561.043311 -1066.370028 )
	weight 14 10 1.000000 ( -642.910172 994.067575 128.313743 )
	weight 15 10 1.000000 ( -1022.221461 1591.043041 295.918463 )
	weight 16 1 1.000000 ( -2591.562161 -3117.177902 2179.305314 )
	weight 17 10 1.000000 ( -1308.756266 418.054192 -327.778654 )
	weight 18 1 1.000000 ( -1953.748257 -4101.076339 997.781388 )
	weight 19 1 1.000000 ( -1332.770825 -3690.777511 -521.155685 )
	weight 20 3 1.000000 ( 382.082253 1570.023739 -998.626726 )
	weight 21 3 1.000000 ( 1343.016527 426.013125 170.564813 )
	weight 22 3 1.000000 ( 848.969180 1599.981883 646.986640 )
	weight 23 1 1.000000 ( -560.120206 -3647.076339 3550.815201 )
	weight 24 1 1.000000 ( 142.657687 -4286.277511 1804.815323 )
	weight 25 1 1.000000 ( -1944.366238 -182.077316 32.009354 )
	weight 26 14 1.000000 ( -1983.609422 173.434128 -161.802333 )
	weight 27 14 1.000000 ( -1419.401285 323.034714 -1304.330287 )
	weight 28 1 1.000000 ( 763.637668 -3875.877120 285.882371 )
	weight 29 1 1.000000 ( -1527.505231 -430.177902 -1107.774642 )
	weight 30 1 1.000000 ( -848.484189 -593.976730 -1493.194564 )
	weight 31 1 1.000000 ( -1628.297238 -132.476730 638.360383 )
	weight 32 14 1.000000 ( -617.436327 411.534714 -1605.290370 )
	weight 33 1 1.000000 ( -848.484189 -593.976730 -1493.194564 )
	weight 34 14 1.000000 ( -617.436327 411.534714 -1605.290370 )
	weight 35 14 1.000000 ( 623.758620 473.434128 -1271.720302 )
	weight 36 1 1.000000 ( 1377.887668 -475.476730 1310.954423 )
	weight 37 14 1.000000 ( 1886.778639 417.034714 340.650662 )
	weight 38 14 1.000000 ( 1322.568434 267.334519 1483.179600 )
	weight 39 14 1.000000 ( -1817.080400 123.234910 505.661069 )
	weight 40 1 1.000000 ( -2505.852200 -3475.277511 2801.775406 )
	weight 41 1 1.000000 ( -1307.042126 -4019.277511 344.873375 )
	weight 42 1 1.000000 ( -426.803189 -3954.076339 212.655381 )
	weight 43 1 1.000000 ( -1307.042126 -4019.277511 344.873375 )
	weight 44 1 1.000000 ( 1794.747775 -723.576339 171.170365 )
	weight 45 1 1.000000 ( 1530.667697 -804.076339 -577.314559 )
	weight 46 1 1.000000 ( 750.857639 -342.576339 1554.245377 )
	weight 47 14 1.000000 ( 1640.688551 475.734910 -481.770290 )
	weight 48 14 1.000000 ( 692.538527 194.634324 1754.319615 )
	weight 49 14 1.000000 ( -1817.080400 123.234910 505.661069 )
	weight 50 1 1.000000 ( -1050.766202 -4138.777511 1791.125382 )
	weight 51 1 1.000000 ( -1564.570233 -4568.377120 3027.255387 )
	weight 52 1 1.000000 ( -1614.727231 -4164.476730 1110.835343 )
	weight 53 1 1.000000 ( -2505.852200 -3475.277511 2801.775406 )
	weight 54 1 1.000000 ( -28.252225 -3343.576339 3166.085221 )
	weight 55 3 1.000000 ( 611.287451 1124.007787 339.683098 )
	weight 56 1 1.000000 ( 117.847751 -4145.177902 893.402390 )
	weight 57 1 1.000000 ( 117.847751 -4145.177902 893.402390 )
	weight 58 1 1.000000 ( -189.842191 -4290.277511 1659.365372 )
	weight 59 1 1.000000 ( 435.647678 -755.076339 -1293.724594 )
	weight 60 1 1.000000 ( -1628.297238 -132.476730 638.360383 )
	weight 61 1 1.000000 ( -608.933194 -2371.877120 -1207.914535 )
	weight 62 1 1.000000 ( 894.077609 -2504.677902 -629.304672 )
	weight 63 8 1.000000 ( -1074.472408 -302.868158 472.958709 )
	weight 64 8 1.000000 ( -1115.752004 259.400110 625.070532 )
	weight 65 8 1.000000 ( -1017.639373 256.637516 570.252129 )
	weight 66 8 1.000000 ( -1180.770695 -755.578275 1053.933476 )
	weight 67 8 1.000000 ( -858.745916 -198.315517 593.817707 )
	weight 68 8 1.000000 ( -543.059431 -755.851097 846.879357 )
	weight 69 8 1.000000 ( -611.769575 -294.261671 1230.057596 )
	weight 70 8 1.000000 ( 107.147133 -1023.440197 1221.440922 )
	weight 71 8 1.000000 ( 501.720448 -893.112686 732.125605 )
	weight 72 8 1.000000 ( 138.441952 -966.104036 1354.700435 )
	weight 73 8 1.000000 ( -99.838076 -996.194199 1244.163191 )
	weight 74 7 1.000000 ( 328.108138 476.057508 754.752645 )
	weight 75 7 1.000000 ( -441.828179 817.040838 664.215687 )
	weight 76 8 1.000000 ( 887.816186 -427.871644 402.005493 )
	weight 77 7 1.000000 ( 788.907163 817.005862 129.187352 )
	weight 78 8 1.000000 ( -87.271119 -936.427589 1379.487195 )
	weight 79 8 1.000000 ( 766.166049 -475.363782 1078.727718 )
	weight 80 8 1.000000 ( 304.500692 679.369128 1959.570458 )
	weight 81 8 1.000000 ( -274.428209 788.811991 1896.762137 )
	weight 82 8 1.000000 ( 247.909158 399.064831 1779.766767 )
	weight 83 8 1.000000 ( 410.121794 405.504836 1632.413378 )
	weight 84 8 1.000000 ( 865.959790 638.956280 1771.506689 )
	weight 85 8 1.000000 ( 68.185361 450.254576 1670.958422 )
	weight 86 8 1.000000 ( 81.839086 368.693356 1662.037579 )
	weight 87 8 1.000000 ( 372.605052 330.424449 1630.106885 )
	weight 88 8 1.000000 ( 81.839086 368.693356 1662.037579 )
	weight 89 8 1.000000 ( -630.543832 211.113810 1461.181577 )
	weight 90 8 1.000000 ( -82.161704 -144.566300 1614.465456 )
	weight 91 8 1.000000 ( -599.953698 680.641670 1538.020537 )
	weight 92 8 1.000000 ( -908.063236 228.601940 548.402792 )
	weight 93 8 1.000000 ( 387.006110 -206.226605 1562.940243 )
	weight 94 8 1.000000 ( 962.261282 1.688073 1286.275646 )
	weight 95 8 1.000000 ( 1068.740846 461.273441 1354.772790 )
	weight 96 8 1.000000 ( 1032.674540 -26.506354 335.272401 )
	weight 97 8 1.000000 ( 199.729064 -159.736705 2010.003620 )
	weight 98 8 1.000000 ( -943.114886 550.785352 1312.529502 )
	weight 99 8 1.000000 ( -1144.922741 518.222872 1241.389140 )
	weight 100 8 1.000000 ( -1171.441615 1021.469891 831.736959 )
	weight 101 8 1.000000 ( -1130.333747 1063.485602 1322.093704 )
	weight 102 8 1.000000 ( 1304.271476 737.797562 1006.612855 )
	weight 103 8 1.000000 ( 1151.340866 383.344163 1313.193583 )
	weight 104 8 1.000000 ( 1147.387170 27.789123 511.063056 )
	weight 105 8 1.000000 ( 1258.037461 998.808368 1529.688592 )
	weight 106 8 1.000000 ( 1271.698745 589.081061 435.376000 )
	weight 107 8 1.000000 ( 1224.870025 1066.734596 1303.433550 )
	weight 108 8 1.000000 ( 1304.271476 737.797562 1006.612855 )
	weight 109 8 1.000000 ( 1258.037461 998.808368 1529.688592 )
	weight 110 8 1.000000 ( 785.921426 -676.801156 1518.247011 )
	weight 111 8 1.000000 ( 934.599747 615.218959 1861.302280 )
	weight 112 8 1.000000 ( 1213.575246 623.821864 1582.874088 )
	weight 113 8 1.000000 ( 1258.037461 998.808368 1529.688592 )
	weight 114 8 1.000000 ( 924.340120 1275.163991 1948.089144 )
	weight 115 8 1.000000 ( 733.960907 610.301143 2026.499022 )
	weight 116 8 1.000000 ( 592.857416 -182.715586 2023.554699 )
	weight 117 8 1.000000 ( 347.933174 430.794835 2153.752008 )
	weight 118 8 1.000000 ( 438.009280 1797.751844 2326.220071 )
	weight 119 8 1.000000 ( 362.065416 638.305599 2181.850520 )
	weight 120 8 1.000000 ( 850.714681 1325.091211 1938.468477 )
	weight 121 8 1.000000 ( 613.849726 1541.970359 -1069.356816 )
	weight 122 8 1.000000 ( 1279.540084 690.719776 -640.379692 )
	weight 123 8 1.000000 ( 455.489231 286.753409 -1008.781282 )
	weight 124 8 1.000000 ( 1279.540084 690.719776 -640.379692 )
	weight 125 8 1.000000 ( 1492.011463 110.268419 -902.462727 )
	weight 126 8 1.000000 ( 1467.943820 754.070121 167.904716 )
	weight 127 8 1.000000 ( 1445.157467 333.542554 -25.806085 )
	weight 128 8 1.000000 ( 1295.984851 1498.354848 -450.319655 )
	weight 129 8 1.000000 ( 1279.540084 690.719776 -640.379692 )
	weight 130 8 1.000000 ( 1295.984851 1498.354848 -450.319655 )
	weight 131 8 1.000000 ( 1480.806096 1359.549652 539.605617 )
	weight 132 8 1.000000 ( 1480.806096 1359.549652 539.605617 )
	weight 133 8 1.000000 ( 1834.329208 812.959726 329.525362 )
	weight 134 8 1.000000 ( 1279.540084 690.719776 -640.379692 )
	weight 135 8 1.000000 ( 1492.011463 110.268419 -902.462727 )
	weight 136 8 1.000000 ( 795.966422 2247.694733 -255.762200 )
	weight 137 7 1.000000 ( 554.164699 963.002895 -596.380988 )
	weight 138 7 1.000000 ( 395.842065 670.004588 -892.841567 )
	weight 139 8 1.000000 ( 1026.070879 87.459845 37.081689 )
	weight 140 8 1.000000 ( -411.223356 1676.776642 -956.797546 )
	weight 141 8 1.000000 ( -569.582408 421.461966 -896.202650 )
	weight 142 8 1.000000 ( -1164.860476 1012.077124 -371.947298 )
	weight 143 8 1.000000 ( -934.526363 1791.510292 -205.356613 )
	weight 144 8 1.000000 ( -229.106710 2382.500991 -143.203043 )
	weight 145 8 1.000000 ( 795.966422 2247.694733 -255.762200 )
	weight 146 8 1.000000 ( 1306.713223 1812.391177 601.790467 )
	weight 147 8 1.000000 ( 884.980668 2361.727073 695.486757 )
	weight 148 8 1.000000 ( -885.490740 2177.165629 878.966454 )
	weight 149 8 1.000000 ( -226.827550 2507.924255 817.578557 )
	weight 150 8 1.000000 ( -229.106710 2382.500991 -143.203043 )
	weight 151 8 1.000000 ( -934.526363 1791.510292 -205.356613 )
	weight 152 8 1.000000 ( -226.827550 2507.924255 817.578557 )
	weight 153 8 1.000000 ( 82.304353 2390.772876 1675.534437 )
	weight 154 8 1.000000 ( 884.980668 2361.727073 695.486757 )
	weight 155 8 1.000000 ( -50.913165 2429.394325 1709.624396 )
	weight 156 8 1.000000 ( 1256.957527 1684.737156 1410.166320 )
	weight 157 8 1.000000 ( -1.071937 1871.432692 2360.176511 )
	weight 158 8 1.000000 ( 2.262992 1408.506245 1808.394556 )
	weight 159 8 1.000000 ( 82.304353 2390.772876 1675.534437 )
	weight 160 8 1.000000 ( 366.787103 1951.419691 2602.447062 )
	weight 161 8 1.000000 ( 185.477290 2434.689586 1878.855269 )
	weight 162 8 1.000000 ( 82.304353 2390.772876 1675.534437 )
	weight 163 8 1.000000 ( 366.787103 1951.419691 2602.447062 )
	weight 164 8 1.000000 ( 663.557571 2421.308597 1785.943588 )
	weight 165 8 1.000000 ( -50.913165 2429.394325 1709.624396 )
	weight 166 8 1.000000 ( -1.071937 1871.432692 2360.176511 )
	weight 167 8 1.000000 ( 1256.957527 1684.737156 1410.166320 )
	weight 168 8 1.000000 ( 933.566587 1242.472838 2209.794837 )
	weight 169 8 1.000000 ( 1292.051562 929.797177 1755.650776 )
	weight 170 8 1.000000 ( 1602.028661 646.987112 1212.236010 )
	weight 171 8 1.000000 ( 1445.157467 333.542554 -25.806085 )
	weight 172 8 1.000000 ( 1467.943820 754.070121 167.904716 )
	weight 173 8 1.000000 ( 1207.663188 -66.316303 137.943351 )
	weight 174 8 1.000000 ( 1026.070879 87.459845 37.081689 )
	weight 175 7 1.000000 ( 554.164699 963.002895 -596.380988 )
	weight 176 8 1.000000 ( 1026.070879 87.459845 37.081689 )
	weight 177 7 1.000000 ( 788.907163 817.005862 129.187352 )
	weight 178 8 1.000000 ( 155.490624 -249.149257 1714.122639 )
	weight 179 8 1.000000 ( -82.161704 -144.566300 1614.465456 )
	weight 180 8 1.000000 ( 1174.843614 776.764413 917.742446 )
	weight 181 8 1.000000 ( -99.838076 -996.194199 1244.163191 )
	weight 182 8 1.000000 ( 755.820065 569.742949 1571.999539 )
	weight 183 8 1.000000 ( 68.185361 450.254576 1670.958422 )
	weight 184 8 1.000000 ( -274.428209 788.811991 1896.762137 )
	weight 185 8 1.000000 ( -229.825112 699.346269 1680.231531 )
	weight 186 8 1.000000 ( 2.262992 1408.506245 1808.394556 )
	weight 187 8 1.000000 ( -220.793618 1433.398795 1761.474872 )
	weight 188 8 1.000000 ( -540.230619 1184.333966 1515.849133 )
	weight 189 8 1.000000 ( -220.793618 1433.398795 1761.474872 )
	weight 190 8 1.000000 ( -758.011593 1030.794493 1130.016413 )
	weight 191 8 1.000000 ( 1224.870025 1066.734596 1303.433550 )
	weight 192 8 1.000000 ( 914.219662 1307.779590 1687.466091 )
	weight 193 8 1.000000 ( 373.963132 1279.662255 1873.604559 )
	weight 194 8 1.000000 ( 2.262992 1408.506245 1808.394556 )
	weight 195 8 1.000000 ( 373.963132 1279.662255 1873.604559 )
	weight 196 8 1.000000 ( 438.009280 1797.751844 2326.220071 )
	weight 197 8 1.000000 ( 914.219662 1307.779590 1687.466091 )
	weight 198 8 1.000000 ( 933.566587 1242.472838 2209.794837 )
	weight 199 8 1.000000 ( 914.219662 1307.779590 1687.466091 )
	weight 200 8 1.000000 ( 1174.843614 776.764413 917.742446 )
	weight 201 8 1.000000 ( 1602.028661 646.987112 1212.236010 )
	weight 202 8 1.000000 ( 1292.051562 929.797177 1755.650776 )
	weight 203 8 1.000000 ( 1271.698745 589.081061 435.376000 )
	weight 204 8 1.000000 ( 1271.698745 589.081061 435.376000 )
	weight 205 8 1.000000 ( 1834.329208 812.959726 329.525362 )
	weight 206 7 1.000000 ( -441.828179 817.040838 664.215687 )
	weight 207 1 1.000000 ( -1307.042126 -4019.277511 344.873375 )
	weight 208 7 1.000000 ( 328.108138 476.057508 754.752645 )
	weight 209 1 1.000000 ( -426.803189 -3954.076339 212.655381 )
	weight 210 1 1.000000 ( 117.847751 -4145.177902 893.402390 )
	weight 211 8 1.000000 ( -577.427862 1306.006008 2056.977335 )
	weight 212 8 1.000000 ( -1239.010890 492.925228 1514.277791 )
	weight 213 8 1.000000 ( -1036.563975 498.071162 1605.562239 )
	weight 214 8 1.000000 ( -1094.282882 1318.349403 1844.211742 )
	weight 215 8 1.000000 ( -87.271119 -936.427589 1379.487195 )
	weight 216 8 1.000000 ( 663.557571 2421.308597 1785.943588 )
	weight 217 8 1.000000 ( 795.966422 2247.694733 -255.762200 )
	weight 218 8 1.000000 ( -229.106710 2382.500991 -143.203043 )
	weight 219 8 1.000000 ( 613.849726 1541.970359 -1069.356816 )
	weight 220 8 1.000000 ( -229.106710 2382.500991 -143.203043 )
	weight 221 8 1.000000 ( -411.223356 1676.776642 -956.797546 )
	weight 222 8 1.000000 ( 455.489231 286.753409 -1008.781282 )
	weight 223 8 1.000000 ( -569.582408 421.461966 -896.202650 )
	weight 224 8 1.000000 ( 923.833555 -949.405432 1095.578288 )
	weight 225 8 1.000000 ( 998.680153 -647.916536 603.259534 )
	weight 226 8 1.000000 ( -953.886506 881.622685 679.790461 )
	weight 227 8 1.000000 ( -877.339037 914.142004 1384.103043 )
	weight 228 14 1.000000 ( 1322.568434 267.334519 1483.179600 )
	weight 229 14 1.000000 ( 692.538527 194.634324 1754.319615 )
	weight 230 14 1.000000 ( 1886.778639 417.034714 340.650662 )
	weight 231 14 1.000000 ( -1817.080400 123.234910 505.661069 )
	weight 232 14 1.000000 ( -1419.401285 323.034714 -1304.330287 )
	weight 233 14 1.000000 ( -1817.080400 123.234910 505.661069 )
	weight 234 14 1.000000 ( -1983.609422 173.434128 -161.802333 )
	weight 235 1 1.000000 ( -189.842191 -4290.277511 1659.365372 )
	weight 236 1 1.000000 ( -1050.766202 -4138.777511 1791.125382 )
	weight 237 7 1.000000 ( -812.296147 962.994786 -2.337827 )
	weight 238 7 1.000000 ( -914.674780 670.083070 -323.138540 )
	weight 239 1 1.000000 ( -1050.766202 -4138.777511 1791.125382 )
	weight 240 8 1.000000 ( -935.362004 345.340310 252.473229 )
	weight 241 1 1.000000 ( -2591.562161 -3117.177902 2179.305314 )
	weight 242 1 1.000000 ( -1614.727231 -4164.476730 1110.835343 )
	weight 243 7 1.000000 ( -812.296147 962.994786 -2.337827 )
	weight 244 8 1.000000 ( 366.787103 1951.419691 2602.447062 )
	weight 245 8 1.000000 ( 438.009280 1797.751844 2326.220071 )
	weight 246 8 1.000000 ( -59.760291 1631.443730 2805.915911 )
	weight 247 8 1.000000 ( -238.263686 1668.292253 2318.977607 )
	weight 248 8 1.000000 ( 2.262992 1408.506245 1808.394556 )
	weight 249 8 1.000000 ( -238.263686 1668.292253 2318.977607 )
	weight 250 8 1.000000 ( -220.793618 1433.398795 1761.474872 )
	weight 251 8 1.000000 ( -1.071937 1871.432692 2360.176511 )
	weight 252 8 1.000000 ( -169.531281 1776.282075 2362.898667 )
	weight 253 8 1.000000 ( 2.262992 1408.506245 1808.394556 )
	weight 254 8 1.000000 ( -169.531281 1776.282075 2362.898667 )
	weight 255 8 1.000000 ( -486.641175 2257.330204 1606.355859 )
	weight 256 8 1.000000 ( -169.531281 1776.282075 2362.898667 )
	weight 257 8 1.000000 ( -486.641175 2257.330204 1606.355859 )
	weight 258 8 1.000000 ( -1246.832602 1692.183217 885.224628 )
	weight 259 8 1.000000 ( -1282.121367 691.991333 273.712882 )
	weight 260 8 1.000000 ( -1333.257157 1122.312077 475.525310 )
	weight 261 8 1.000000 ( -1164.860476 1012.077124 -371.947298 )
	weight 262 8 1.000000 ( -1164.860476 1012.077124 -371.947298 )
	weight 263 8 1.000000 ( -1333.257157 1122.312077 475.525310 )
	weight 264 8 1.000000 ( -1246.832602 1692.183217 885.224628 )
	weight 265 8 1.000000 ( -1164.860476 1012.077124 -371.947298 )
	weight 266 8 1.000000 ( -953.886506 881.622685 679.790461 )
	weight 267 8 1.000000 ( -1333.257157 1122.312077 475.525310 )
	weight 268 8 1.000000 ( -1124.370625 240.167993 394.059821 )
	weight 269 8 1.000000 ( -953.886506 881.622685 679.790461 )
	weight 270 8 1.000000 ( -1171.441615 1021.469891 831.736959 )
	weight 271 8 1.000000 ( -1333.257157 1122.312077 475.525310 )
	weight 272 8 1.000000 ( -1171.441615 1021.469891 831.736959 )
	weight 273 8 1.000000 ( -1282.121367 691.991333 273.712882 )
	weight 274 8 1.000000 ( -935.362004 345.340310 252.473229 )
	weight 275 8 1.000000 ( -1130.333747 1063.485602 1322.093704 )
	weight 276 8 1.000000 ( -758.011593 1030.794493 1130.016413 )
	weight 277 8 1.000000 ( -1486.370570 -361.751009 1430.532371 )
	weight 278 8 1.000000 ( -1068.377550 440.732002 1366.003940 )
	weight 279 8 1.000000 ( -1036.563975 498.071162 1605.562239 )
	weight 280 8 1.000000 ( -877.339037 914.142004 1384.103043 )
	weight 281 8 1.000000 ( -577.427862 1306.006008 2056.977335 )
	weight 282 8 1.000000 ( -1094.282882 1318.349403 1844.211742 )
	weight 283 8 1.000000 ( -1130.333747 1063.485602 1322.093704 )
	weight 284 8 1.000000 ( -877.339037 914.142004 1384.103043 )
	weight 285 8 1.000000 ( -1094.282882 1318.349403 1844.211742 )
	weight 286 8 1.000000 ( -577.427862 1306.006008 2056.977335 )
	weight 287 8 1.000000 ( -238.263686 1668.292253 2318.977607 )
	weight 288 8 1.000000 ( -169.531281 1776.282075 2362.898667 )
	weight 289 8 1.000000 ( -220.793618 1433.398795 1761.474872 )
	weight 290 8 1.000000 ( -540.230619 1184.333966 1515.849133 )
	weight 291 8 1.000000 ( -1205.209219 1178.685084 3523.392780 )
	weight 292 8 1.000000 ( -238.263686 1668.292253 2318.977607 )
	weight 293 8 1.000000 ( -59.760291 1631.443730 2805.915911 )
	weight 294 8 1.000000 ( -169.531281 1776.282075 2362.898667 )
	weight 295 8 1.000000 ( -935.362004 345.340310 252.473229 )
	weight 296 8 1.000000 ( 366.787103 1951.419691 2602.447062 )
	weight 297 8 1.000000 ( 663.557571 2421.308597 1785.943588 )
	weight 298 8 1.000000 ( 455.489231 286.753409 -1008.781282 )
	weight 299 8 1.000000 ( -569.582408 421.461966 -896.202650 )
	weight 300 8 1.000000 ( 455.489231 286.753409 -1008.781282 )
	weight 301 1 1.000000 ( -1050.766202 -4138.777511 1791.125382 )
	weight 302 8 1.000000 ( -569.582408 421.461966 -896.202650 )
	weight 303 8 1.000000 ( -50.913165 2429.394325 1709.624396 )
	weight 304 8 1.000000 ( 1445.157467 333.542554 -25.806085 )
	weight 305 8 1.000000 ( 1279.540084 690.719776 -640.379692 )
}

