MD5Version 10
commandline ""

numFrames 24
numJoints 23
frameRate 24
numAnimatedComponents 138

hierarchy {
	"bone0"	-1 63 0	//
	"bone1"	0 63 6	// bone0
	"bone3"	1 63 12	// bone1
	"bone8"	2 63 18	// bone3
	"bone13"	3 63 24	// bone8
	"bone17"	4 63 30	// bone13
	"bone21"	5 63 36	// bone17
	"bone4"	1 63 42	// bone1
	"bone9"	7 63 48	// bone4
	"bone5"	1 63 54	// bone1
	"bone10"	9 63 60	// bone5
	"bone14"	10 63 66	// bone10
	"bone18"	11 63 72	// bone14
	"bone22"	12 63 78	// bone18
	"bone2"	0 63 84	// bone0
	"bone6"	14 63 90	// bone2
	"bone11"	15 63 96	// bone6
	"bone15"	16 63 102	// bone11
	"bone19"	17 63 108	// bone15
	"bone7"	14 63 114	// bone2
	"bone12"	19 63 120	// bone7
	"bone16"	20 63 126	// bone12
	"bone20"	21 63 132	// bone16
}

bounds {
	( -5262.370117 -14866.051270 -5262.370117 ) ( -5262.370117 6113.876221 5059.823730 )
	( -5272.710449 -14832.822754 -5272.710449 ) ( -5272.710449 6129.268921 5083.450684 )
	( -5255.261230 -14793.579102 -5255.261230 ) ( -5255.261230 6126.257568 5081.575195 )
	( -5240.678711 -14745.824707 -5240.678711 ) ( -5240.678711 6120.050537 5077.233887 )
	( -5219.102051 -14699.435059 -5219.102051 ) ( -5219.102051 6101.520996 5066.865723 )
	( -5213.771484 -14606.306641 -5213.771484 ) ( -5213.771484 6133.306396 5092.089844 )
	( -5198.359375 -14570.500977 -5198.359375 ) ( -5198.359375 6113.940674 5083.088867 )
	( -5193.371094 -14528.721680 -5193.371094 ) ( -5193.371094 6112.930847 5090.807617 )
	( -5177.473633 -14502.100586 -5177.473633 ) ( -5177.473633 6115.094238 5082.202148 )
	( -5181.092285 -14495.944824 -5181.092285 ) ( -5181.092285 6121.485840 5089.658691 )
	( -5182.222656 -14492.809082 -5182.222656 ) ( -5182.222656 6122.619385 5093.745605 )
	( -5188.023438 -14498.943359 -5188.023438 ) ( -5188.023438 6119.111572 5087.830078 )
	( -5200.488281 -14512.865234 -5200.488281 ) ( -5200.488281 6117.979370 5089.162109 )
	( -5205.730469 -14529.536133 -5205.730469 ) ( -5205.730469 6116.926392 5092.059570 )
	( -5210.705078 -14562.059082 -5210.705078 ) ( -5210.705078 6108.927734 5078.270996 )
	( -5206.326172 -14594.412109 -5206.326172 ) ( -5206.326172 6103.391113 5075.962891 )
	( -5222.468750 -14617.578613 -5222.468750 ) ( -5222.468750 6103.114258 5075.054199 )
	( -5222.311523 -14629.782227 -5222.311523 ) ( -5222.311523 6116.006836 5080.983398 )
	( -5239.625000 -14662.273926 -5239.625000 ) ( -5239.625000 6115.252930 5074.403809 )
	( -5247.506348 -14693.718750 -5247.506348 ) ( -5247.506348 6122.652832 5079.289062 )
	( -5249.406738 -14746.752441 -5249.406738 ) ( -5249.406738 6118.205811 5077.630371 )
	( -5268.795410 -14786.968750 -5268.795410 ) ( -5268.795410 6110.983765 5073.732422 )
	( -5269.717285 -14820.011719 -5269.717285 ) ( -5269.717285 6118.031982 5076.958984 )
	( -5269.952148 -14855.364746 -5269.952148 ) ( -5269.952148 6110.421875 5067.146973 )
}

baseframe {
	( 0.675000 -8.025002 -0.225000 ) ( 0.707107 0.000000 0.000000 )
	( -0.000423 0.000334 -0.000380 ) ( -0.707107 -0.000000 -0.000000 )
	( -747.264526 -4138.765625 991.583435 ) ( 0.367122 0.000000 -0.462792 )
	( 0.002991 1447.999634 -0.000610 ) ( -0.511860 -0.294364 -0.001715 )
	( -0.000793 1541.000732 0.037720 ) ( -0.021178 -0.132476 0.398617 )
	( 0.002113 3679.998535 -0.015411 ) ( -0.218697 -0.011872 -0.013375 )
	( 0.029266 3354.000732 0.016602 ) ( 0.000000 -0.000000 0.000000 )
	( -747.262817 -4138.771484 991.583801 ) ( -0.994015 0.000001 0.017070 )
	( 0.000868 1193.997192 0.011667 ) ( 0.000000 -0.000000 0.000001 )
	( -747.263428 -4138.771484 991.582642 ) ( -0.022968 0.000000 0.525344 )
	( 0.019354 1448.001099 -0.037645 ) ( -0.321019 0.204839 -0.243220 )
	( 0.042801 1541.000977 0.004456 ) ( 0.147105 0.198457 -0.529223 )
	( -0.003723 3680.003418 0.011002 ) ( -0.255377 -0.069099 -0.093297 )
	( 0.010986 3354.000488 0.032227 ) ( 0.000000 -0.000000 -0.000000 )
	( -0.000301 -0.000185 -0.000380 ) ( -0.707107 -0.000000 -0.000000 )
	( -239.125443 3183.084229 298.777008 ) ( 0.494703 -0.000000 -0.510801 )
	( 0.035522 1096.998657 0.024109 ) ( -0.480396 -0.061332 0.408860 )
	( 0.000541 5360.000488 0.002115 ) ( 0.212099 0.031746 0.160487 )
	( -0.000107 7728.995605 0.004871 ) ( 0.000000 0.000000 -0.000000 )
	( -239.124344 3183.083252 298.776184 ) ( -0.111250 0.000000 0.719389 )
	( 0.006180 1097.000244 -0.005342 ) ( 0.025375 0.070078 -0.595986 )
	( -0.000290 5360.000488 0.000614 ) ( 0.055210 -0.010566 0.013027 )
	( 0.000824 7729.002930 0.009888 ) ( -0.000000 0.000000 -0.000000 )
}

frame 0 {
	0.675000 -8.025002 -0.225000 -0.707107 -0.000000 -0.000000
	-0.000423 0.000334 -0.000380 0.707107 0.000000 0.000000
	-747.264526 -4138.765625 991.583435 -0.367122 -0.000000 0.462792
	0.002991 1447.999634 -0.000610 0.511860 0.294364 0.001715
	-0.000793 1541.000732 0.037720 0.021178 0.132476 -0.398617
	0.002113 3679.998535 -0.015411 0.218697 0.011872 0.013375
	0.029266 3354.000732 0.016602 -0.000000 0.000000 -0.000000
	-747.262817 -4138.771484 991.583801 0.994015 -0.000001 -0.017070
	0.000868 1193.997192 0.011667 -0.000000 0.000000 -0.000001
	-747.263428 -4138.771484 991.582642 0.022968 -0.000000 -0.525344
	0.019354 1448.001099 -0.037645 0.321019 -0.204839 0.243220
	0.042801 1541.000977 0.004456 -0.147105 -0.198457 0.529223
	-0.003723 3680.003418 0.011002 0.255377 0.069099 0.093297
	0.010986 3354.000488 0.032227 -0.000000 0.000000 0.000000
	-0.000301 -0.000185 -0.000380 0.707107 0.000000 0.000000
	-239.125443 3183.084229 298.777008 -0.494703 0.000000 0.510801
	0.035522 1096.998657 0.024109 0.480396 0.061332 -0.408860
	0.000541 5360.000488 0.002115 -0.212099 -0.031746 -0.160487
	-0.000107 7728.995605 0.004871 -0.000000 -0.000000 0.000000
	-239.124344 3183.083252 298.776184 0.111250 -0.000000 -0.719389
	0.006180 1097.000244 -0.005342 -0.025375 -0.070078 0.595986
	-0.000290 5360.000488 0.000614 -0.055210 0.010566 -0.013027
	0.000824 7729.002930 0.009888 0.000000 -0.000000 0.000000
}

frame 1 {
	0.665625 -8.021252 -0.243750 -0.707107 -0.000000 -0.000000
	-0.000542 0.000365 0.000585 0.708326 -0.000673 -0.000339
	-747.264526 -4138.768555 991.583740 -0.367122 -0.000000 0.462792
	-0.000702 1447.999634 -0.003052 0.511749 0.300005 0.013443
	-0.002914 1541.000244 0.039551 0.010670 0.133370 -0.411135
	0.001221 3680.000488 -0.014420 0.226159 0.011851 0.013831
	0.029266 3354.000244 0.017578 -0.005937 0.000000 -0.000291
	-747.263367 -4138.770508 991.584167 0.993609 0.001532 -0.016897
	0.000755 1194.001953 0.011919 0.006858 0.000000 -0.002982
	-747.263000 -4138.770508 991.582886 0.022969 -0.000000 -0.525344
	0.020392 1448.000488 -0.038832 0.331127 -0.213394 0.223456
	0.043640 1541.002319 0.005249 -0.159684 -0.210405 0.544270
	-0.007355 3680.000488 0.009293 0.237128 0.069478 0.086630
	0.008911 3353.999756 0.032471 0.004978 -0.000000 0.001423
	-0.000298 0.000182 0.000585 0.706683 -0.000339 -0.000339
	-239.125610 3183.083496 298.777039 -0.494703 0.000000 0.510801
	0.035034 1096.999390 0.022705 0.478674 0.061401 -0.408692
	0.000418 5360.000977 0.002111 -0.212099 -0.031746 -0.160487
	-0.000736 7728.995605 0.003632 0.001742 -0.002192 -0.000344
	-239.124512 3183.082520 298.776215 0.111250 -0.000000 -0.719389
	0.007692 1097.000366 -0.005117 -0.007852 -0.078585 0.599592
	-0.000427 5360.000000 -0.000122 -0.089452 0.010539 -0.021106
	-0.000057 7729.001953 0.009766 0.014193 -0.005690 0.002009
}

frame 2 {
	0.656250 -8.002501 -0.266250 -0.707107 -0.000000 -0.000000
	-0.000647 0.000612 -0.000403 0.709638 -0.002323 -0.000949
	-747.264587 -4138.763672 991.583496 -0.367122 -0.000000 0.462792
	0.000488 1448.001343 -0.001770 0.511603 0.305653 0.025136
	0.000946 1541.000122 0.040771 0.000200 0.134889 -0.423642
	0.001324 3680.000000 -0.014671 0.230631 0.011838 0.014105
	0.028656 3354.000977 0.019226 -0.018768 0.000001 -0.000919
	-747.262939 -4138.769531 991.584045 0.992468 0.005546 -0.016442
	0.000598 1194.001587 0.012537 0.013364 0.000000 -0.005810
	-747.263489 -4138.769531 991.582703 0.022968 -0.000000 -0.525344
	0.012855 1447.999634 -0.039323 0.339133 -0.220153 0.207530
	0.041336 1541.001953 0.006378 -0.167817 -0.223092 0.555498
	-0.006805 3680.000488 0.009506 0.214577 0.069905 0.078391
	0.012329 3353.998535 0.034668 0.006637 -0.000000 0.001897
	-0.000281 0.000185 0.000573 0.706683 -0.000339 -0.000339
	-239.125580 3183.083740 298.777008 -0.494703 0.000000 0.510801
	0.035217 1097.000000 0.023132 0.475809 0.067003 -0.407638
	0.001274 5360.000488 0.001717 -0.215634 -0.031705 -0.163162
	-0.000645 7728.996094 0.003833 0.004669 -0.007427 0.000876
	-239.124374 3183.082764 298.776154 0.111250 -0.000000 -0.719389
	0.007890 1096.999878 -0.005171 0.014597 -0.085368 0.604196
	-0.000198 5360.000000 0.000351 -0.128395 0.010491 -0.030294
	0.000334 7729.003418 0.009624 0.029945 -0.018944 0.004876
}

frame 3 {
	0.646875 -7.978127 -0.294375 -0.707107 -0.000000 -0.000000
	-0.000259 0.000555 -0.000416 0.710065 -0.004116 -0.001811
	-747.265015 -4138.765137 991.583252 -0.367122 -0.000000 0.462792
	0.002899 1448.000366 -0.000977 0.511280 0.309830 0.034224
	-0.001434 1540.999268 0.041016 -0.010135 0.136644 -0.435060
	0.001781 3679.998779 -0.015198 0.235098 0.011825 0.014378
	0.028809 3354.000732 0.016617 -0.035615 0.000001 -0.001744
	-747.263000 -4138.770996 991.583496 0.990710 0.011092 -0.015809
	0.000767 1194.002197 0.011305 0.019869 0.000000 -0.008638
	-747.263489 -4138.770996 991.582458 0.022968 -0.000000 -0.525344
	0.019598 1448.001953 -0.038589 0.345140 -0.225643 0.195071
	0.044403 1541.001099 0.006622 -0.172066 -0.235036 0.563643
	-0.007294 3680.002197 0.009109 0.191365 0.070298 0.069910
	0.010254 3353.999512 0.032959 0.005531 -0.000000 0.001581
	-0.000259 0.000189 0.000560 0.706683 -0.000339 -0.000339
	-239.125656 3183.083008 298.777039 -0.494703 0.000000 0.510801
	0.034958 1096.999634 0.024094 0.474214 0.075455 -0.404905
	0.000190 5360.002441 0.001602 -0.224012 -0.031606 -0.169501
	-0.001213 7728.997070 0.004837 0.009162 -0.014937 0.003856
	-239.124435 3183.082031 298.776184 0.111250 -0.000000 -0.719389
	0.006548 1097.000000 -0.005757 0.037813 -0.089178 0.609146
	-0.000927 5359.999512 0.000214 -0.166026 0.010428 -0.039173
	0.000622 7729.002930 0.010027 0.043909 -0.038137 0.007924
}

frame 4 {
	0.637500 -7.950002 -0.322500 -0.707107 -0.000000 -0.000000
	-0.000356 0.000194 0.001524 0.709023 -0.004184 -0.003002
	-747.264038 -4138.767090 991.584167 -0.367122 -0.000000 0.462792
	0.000732 1447.999268 -0.003540 0.511637 0.312959 0.040894
	-0.001984 1540.998535 0.040924 -0.019603 0.139118 -0.443884
	0.002388 3679.997314 -0.014507 0.244016 0.011798 0.014924
	0.027374 3354.000732 0.017059 -0.052834 0.000001 -0.002587
	-747.263000 -4138.769043 991.584045 0.988411 0.017510 -0.015073
	0.000768 1193.998291 0.011129 0.026022 0.000000 -0.011313
	-747.263489 -4138.770996 991.582703 0.022968 -0.000000 -0.525344
	0.015338 1447.999023 -0.036972 0.349922 -0.229241 0.186205
	0.045059 1541.001953 0.007294 -0.173986 -0.243962 0.568814
	-0.008942 3680.003174 0.009323 0.174053 0.070561 0.063586
	0.008911 3354.000732 0.034729 0.002497 -0.000706 0.000723
	-0.000233 0.000194 0.000547 0.706683 -0.000339 -0.000339
	-239.125854 3183.083496 298.777039 -0.494703 0.000000 0.510801
	0.033585 1096.999390 0.022827 0.471410 0.086090 -0.402237
	0.000664 5360.002441 0.001488 -0.232656 -0.031499 -0.176042
	-0.000401 7728.995117 0.005745 0.014228 -0.024936 0.007144
	-239.124756 3183.082520 298.776215 0.111250 -0.000000 -0.719389
	0.005968 1096.999390 -0.005994 0.061297 -0.091412 0.614432
	-0.000641 5360.000488 -0.000259 -0.201576 0.010354 -0.047561
	0.001198 7729.002441 0.009854 0.056035 -0.060912 0.011038
}

frame 5 {
	0.628125 -7.914377 -0.343125 -0.707107 -0.000000 -0.000000
	-0.000567 0.000504 0.000535 0.704717 -0.004259 -0.003013
	-747.264587 -4138.768555 991.583374 -0.367122 -0.000000 0.462792
	0.001953 1447.998535 -0.002319 0.511343 0.313542 0.041836
	-0.002258 1541.002197 0.041321 -0.023500 0.143807 -0.447381
	0.001839 3679.996582 -0.014744 0.249950 0.011780 0.015287
	0.027710 3354.000000 0.020538 -0.066026 0.000001 -0.003233
	-747.263123 -4138.774414 991.583435 0.985769 0.024069 -0.014316
	0.000237 1193.999146 0.011368 0.031998 0.000000 -0.013911
	-747.263367 -4138.770508 991.582886 0.022968 -0.000000 -0.525344
	0.018650 1448.003174 -0.038246 0.351923 -0.231150 0.181515
	0.040543 1541.000732 0.007690 -0.174509 -0.247519 0.571466
	-0.006500 3680.000244 0.008423 0.168386 0.070641 0.061515
	0.012817 3353.998779 0.031921 -0.002111 -0.000706 -0.000597
	0.000043 -0.000106 -0.000441 0.706259 -0.000678 -0.000677
	-239.125626 3183.083496 298.777100 -0.494703 0.000000 0.510801
	0.036758 1096.998535 0.025208 0.467488 0.096236 -0.400588
	0.000523 5360.000977 0.001419 -0.239666 -0.031410 -0.181346
	-0.001966 7728.995117 0.004562 0.018685 -0.035930 0.010569
	-239.124405 3183.082520 298.776215 0.111250 -0.000000 -0.719389
	0.007445 1097.000610 -0.005240 0.082747 -0.090741 0.619609
	-0.000458 5360.000977 0.000336 -0.231777 0.010279 -0.054686
	0.000549 7729.002930 0.009903 0.065420 -0.084033 0.014245
}

frame 6 {
	0.618750 -7.890002 -0.367500 -0.707107 -0.000000 -0.000000
	-0.000423 0.000447 -0.000454 0.698822 -0.003526 -0.003600
	-747.264343 -4138.767090 991.583740 -0.367122 -0.000000 0.462792
	0.002655 1447.998901 -0.001282 0.511459 0.312469 0.039305
	-0.002121 1540.999146 0.041138 -0.023920 0.149682 -0.446949
	0.002113 3679.998779 -0.014929 0.253284 0.011769 0.015490
	0.028748 3354.000488 0.017784 -0.072331 0.000001 -0.003542
	-747.263062 -4138.770996 991.584106 0.983038 0.030184 -0.013605
	0.000948 1193.999512 0.011593 0.036918 0.000000 -0.016050
	-747.263306 -4138.769531 991.583008 0.022968 -0.000000 -0.525344
	0.015986 1448.001709 -0.038216 0.352847 -0.231779 0.179866
	0.043182 1541.002686 0.007721 -0.172302 -0.248314 0.572136
	-0.006317 3679.999756 0.008865 0.168386 0.070641 0.061515
	0.009644 3353.999023 0.033813 -0.006719 -0.000706 -0.001918
	-0.000057 -0.000041 -0.000454 0.706259 -0.000678 -0.000677
	-239.125656 3183.081787 298.777069 -0.494703 0.000000 0.510801
	0.034698 1096.999146 0.022186 0.463653 0.107810 -0.398405
	0.001411 5360.000000 0.001720 -0.247819 -0.031302 -0.187515
	-0.001741 7728.996094 0.004944 0.022436 -0.046257 0.014183
	-239.124435 3183.080811 298.776093 0.111250 -0.000000 -0.719389
	0.007009 1097.000732 -0.005629 0.100983 -0.088980 0.624253
	-0.000183 5360.000000 0.000336 -0.256346 0.010210 -0.060483
	0.000580 7729.003906 0.009766 0.072710 -0.105709 0.017057
}

frame 7 {
	0.609375 -7.871252 -0.380625 -0.707107 -0.000000 -0.000000
	-0.000406 -0.000038 0.000512 0.692052 -0.002603 -0.004168
	-747.264587 -4138.766113 991.583435 -0.367122 -0.000000 0.462792
	0.004211 1447.999268 -0.001282 0.511563 0.310276 0.035404
	0.000404 1540.998779 0.040955 -0.022316 0.155788 -0.444444
	0.001137 3679.998291 -0.014931 0.256614 0.011758 0.015694
	0.028809 3353.998779 0.017464 -0.074050 0.000001 -0.003626
	-747.263000 -4138.768066 991.584534 0.980713 0.034984 -0.013044
	0.000746 1194.001221 0.011934 0.041310 0.000000 -0.017960
	-747.263428 -4138.771973 991.583069 0.022968 -0.000000 -0.525344
	0.019739 1448.001953 -0.037781 0.351763 -0.230846 0.182200
	0.043121 1541.001465 0.005493 -0.170846 -0.245385 0.570718
	-0.004578 3680.000488 0.008514 0.177414 0.070512 0.064814
	0.010498 3353.999023 0.035645 -0.010774 -0.000706 -0.003080
	-0.000039 -0.000099 -0.000464 0.706259 -0.000678 -0.000677
	-239.125671 3183.083252 298.777069 -0.494703 0.000000 0.510801
	0.035492 1096.999023 0.023727 0.459335 0.118227 -0.397423
	0.000225 5360.001953 0.001049 -0.254205 -0.031214 -0.192347
	-0.001284 7728.996094 0.005127 0.024576 -0.056330 0.017105
	-239.124451 3183.082275 298.776001 0.111250 -0.000000 -0.719389
	0.007094 1097.000366 -0.005581 0.115116 -0.086850 0.627758
	-0.000916 5360.001465 -0.000076 -0.273763 0.010156 -0.064593
	0.000153 7729.001953 0.009827 0.077121 -0.124086 0.019733
}

frame 8 {
	0.607500 -7.852502 -0.390000 -0.707107 -0.000000 -0.000000
	-0.000510 0.000087 0.000509 0.685211 -0.002115 -0.004106
	-747.264648 -4138.765625 991.583557 -0.367122 -0.000000 0.462792
	0.002869 1448.000977 -0.000977 0.511307 0.307856 0.029225
	-0.004433 1541.002075 0.038269 -0.018048 0.161599 -0.440147
	0.001587 3679.999023 -0.015968 0.255874 0.011761 0.015649
	0.029358 3353.999023 0.019198 -0.072713 0.000001 -0.003561
	-747.263184 -4138.769531 991.584167 0.978924 0.038471 -0.012635
	0.000100 1194.001831 0.009575 0.044296 0.000000 -0.019258
	-747.263550 -4138.771484 991.582947 0.022968 -0.000000 -0.525344
	0.012275 1447.998047 -0.038429 0.348900 -0.228810 0.187490
	0.046875 1541.000977 0.008759 -0.166816 -0.240681 0.567037
	-0.004852 3679.999512 0.008545 0.188191 0.070348 0.068751
	0.008179 3354.000488 0.033875 -0.014460 -0.000706 -0.004136
	-0.000022 -0.000035 -0.000468 0.706259 -0.000678 -0.000677
	-239.125549 3183.083496 298.777161 -0.494703 0.000000 0.510801
	0.036621 1096.998779 0.024429 0.455907 0.126068 -0.396570
	0.001167 5360.000977 0.000888 -0.257681 -0.031165 -0.194977
	-0.001043 7728.996582 0.004974 0.025996 -0.065217 0.019274
	-239.124329 3183.082520 298.776245 0.111250 -0.000000 -0.719389
	0.007747 1097.000610 -0.005663 0.123814 -0.084754 0.630178
	-0.001099 5360.000977 0.001022 -0.283955 0.010123 -0.066998
	0.000336 7729.001465 0.009804 0.078693 -0.135956 0.021700
}

frame 9 {
	0.607500 -7.852502 -0.388125 -0.707107 -0.000000 -0.000000
	-0.000266 -0.000218 0.000509 0.680169 -0.000826 -0.004589
	-747.264709 -4138.766113 991.583191 -0.367122 -0.000000 0.462792
	0.003479 1448.000977 -0.000916 0.511695 0.304055 0.022233
	-0.002491 1541.000977 0.040833 -0.012956 0.167473 -0.433848
	0.001694 3679.998779 -0.014648 0.251988 0.011773 0.015411
	0.028931 3353.999756 0.016033 -0.069274 0.000001 -0.003392
	-747.262756 -4138.771973 991.582703 0.977998 0.040213 -0.012430
	0.000433 1194.004517 0.011532 0.043418 0.000000 -0.018876
	-747.263306 -4138.771973 991.582703 0.022968 -0.000000 -0.525344
	0.016625 1448.000610 -0.038153 0.345273 -0.225520 0.195262
	0.042023 1541.001587 0.007050 -0.160698 -0.235753 0.562166
	-0.005341 3680.001709 0.008804 0.196828 0.070210 0.071906
	0.009277 3353.999023 0.035767 -0.018146 -0.000706 -0.005193
	-0.000022 -0.000035 -0.000467 0.706259 -0.000678 -0.000677
	-239.125534 3183.083740 298.777130 -0.494703 0.000000 0.510801
	0.036545 1096.999512 0.024216 0.451767 0.131457 -0.397934
	0.000984 5360.000488 0.001469 -0.257681 -0.031165 -0.194977
	-0.001192 7728.996094 0.004669 0.024917 -0.071829 0.020642
	-239.124313 3183.082764 298.776215 0.111250 -0.000000 -0.719389
	0.007111 1097.000610 -0.004908 0.124452 -0.083362 0.630491
	-0.001038 5359.998535 -0.000122 -0.283955 0.010123 -0.066998
	0.000610 7729.002441 0.009422 0.078427 -0.138505 0.021347
}

frame 10 {
	0.607500 -7.852502 -0.378750 -0.707107 -0.000000 -0.000000
	-0.000266 0.000148 0.000511 0.677337 -0.000445 -0.003988
	-747.264648 -4138.766113 991.583496 -0.367122 -0.000000 0.462792
	0.002991 1448.000488 -0.000610 0.511703 0.300472 0.014062
	-0.002354 1541.000732 0.040726 -0.006713 0.171292 -0.426241
	0.001816 3679.999512 -0.013107 0.246613 0.011790 0.015082
	0.028931 3353.999023 0.019592 -0.063541 0.000001 -0.003112
	-747.263184 -4138.771973 991.583252 0.977449 0.041229 -0.012310
	0.000952 1193.999634 0.011654 0.037621 0.000000 -0.016356
	-747.263550 -4138.771973 991.582825 0.022968 -0.000000 -0.525344
	0.021708 1448.000488 -0.037529 0.340932 -0.221233 0.204571
	0.044662 1541.001221 0.008606 -0.152525 -0.231195 0.555815
	-0.005524 3680.001709 0.009216 0.201581 0.070131 0.073643
	0.009766 3353.999512 0.033936 -0.021464 -0.000706 -0.006144
	-0.000022 -0.000035 -0.000466 0.706259 -0.000678 -0.000677
	-239.125687 3183.083740 298.777069 -0.494703 0.000000 0.510801
	0.036667 1096.999390 0.024445 0.450890 0.134749 -0.398317
	0.002014 5359.998535 0.001457 -0.259127 -0.031145 -0.196072
	-0.000923 7728.996582 0.006012 0.024338 -0.075109 0.021692
	-239.124466 3183.082764 298.776215 0.111250 -0.000000 -0.719389
	0.008243 1097.000122 -0.005360 0.124318 -0.084705 0.629998
	-0.000458 5359.999512 0.001770 -0.283955 0.010123 -0.066998
	0.001007 7729.001953 0.009254 0.078335 -0.135957 0.021566
}

frame 11 {
	0.607500 -7.852502 -0.369375 -0.707107 -0.000000 -0.000000
	-0.000388 -0.000035 0.000512 0.676771 -0.000264 -0.003931
	-747.264709 -4138.767578 991.583496 -0.367122 -0.000000 0.462792
	0.002441 1447.998047 -0.000671 0.511827 0.296140 0.005693
	-0.002880 1541.000977 0.041214 -0.001126 0.173633 -0.418831
	0.001144 3679.998291 -0.013733 0.241231 0.011807 0.014753
	0.028503 3353.999756 0.017036 -0.057806 0.000001 -0.002831
	-747.263000 -4138.771484 991.582825 0.977488 0.041157 -0.012319
	0.001141 1193.997681 0.013235 0.029186 0.000000 -0.012689
	-747.263550 -4138.773438 991.582764 0.022968 -0.000000 -0.525344
	0.016173 1447.999634 -0.037180 0.335012 -0.217081 0.215493
	0.045273 1541.003418 0.008484 -0.145243 -0.225643 0.548335
	-0.006470 3680.000977 0.008987 0.208435 0.070014 0.076147
	0.011475 3354.000244 0.034180 -0.024228 -0.000706 -0.006936
	-0.000022 -0.000096 -0.000464 0.706259 -0.000678 -0.000677
	-239.125519 3183.083740 298.777039 -0.494703 0.000000 0.510801
	0.036545 1096.999146 0.024368 0.452005 0.136032 -0.398094
	0.001556 5360.000488 0.001091 -0.260573 -0.031124 -0.197165
	-0.001339 7728.996094 0.005615 0.023584 -0.074912 0.022295
	-239.124359 3183.082764 298.776215 0.111250 -0.000000 -0.719389
	0.009406 1097.000244 -0.005251 0.122094 -0.086905 0.628833
	-0.000885 5360.001953 0.000565 -0.281276 0.010132 -0.066366
	0.001251 7729.001953 0.009918 0.077701 -0.130762 0.021226
}

frame 12 {
	0.607500 -7.860002 -0.352500 -0.707107 -0.000000 -0.000000
	-0.000028 -0.000036 -0.000462 0.677525 -0.000232 -0.003791
	-747.263977 -4138.766113 991.583984 -0.367122 -0.000000 0.462792
	0.002594 1448.000244 0.000305 0.511846 0.292009 -0.002377
	-0.000652 1541.000977 0.041153 0.005088 0.174628 -0.410361
	0.002182 3679.996338 -0.017487 0.235842 0.011823 0.014423
	0.029419 3354.001465 0.018906 -0.049774 0.000001 -0.002437
	-747.262817 -4138.771973 991.583130 0.977998 0.040213 -0.012430
	0.000450 1194.002930 0.011021 0.020397 -0.000000 -0.008868
	-747.263428 -4138.772461 991.582520 0.022968 -0.000000 -0.525344
	0.016725 1448.000732 -0.038372 0.329563 -0.212174 0.226193
	0.043167 1541.004395 0.007385 -0.139051 -0.219593 0.540434
	-0.004333 3680.001709 0.009399 0.216330 0.069874 0.079031
	0.011230 3354.000488 0.034058 -0.026992 -0.000706 -0.007728
	-0.000028 -0.000036 -0.000462 0.706259 -0.000678 -0.000677
	-239.125641 3183.083496 298.777039 -0.494703 0.000000 0.510801
	0.035843 1096.999878 0.022964 0.453990 0.135117 -0.398295
	0.001015 5360.001953 0.001862 -0.260573 -0.031124 -0.197165
	-0.000227 7728.995117 0.005432 0.022420 -0.072733 0.022520
	-239.124298 3183.082520 298.775940 0.111250 -0.000000 -0.719389
	0.008375 1097.000732 -0.005650 0.117044 -0.088713 0.627182
	-0.001190 5360.002441 0.000336 -0.275375 0.010151 -0.064973
	-0.000305 7729.002441 0.009811 0.075698 -0.122339 0.020410
}

frame 13 {
	0.615000 -7.869377 -0.333750 -0.707107 -0.000000 -0.000000
	-0.000525 -0.000038 0.001501 0.679254 0.000118 -0.003496
	-747.264465 -4138.769531 991.583801 -0.367122 -0.000000 0.462792
	0.003998 1447.999756 -0.000061 0.511586 0.288478 -0.009517
	0.000832 1540.999878 0.040222 0.011137 0.173220 -0.402233
	0.001312 3679.999023 -0.013687 0.230445 0.011839 0.014093
	0.028442 3354.001465 0.017403 -0.037146 0.000001 -0.001819
	-747.262939 -4138.773438 991.583557 0.979000 0.038326 -0.012652
	0.000405 1194.001709 0.012115 0.012133 0.000000 -0.005275
	-747.263428 -4138.773438 991.582703 0.022968 -0.000000 -0.525344
	0.014188 1448.001587 -0.039179 0.323250 -0.207674 0.237713
	0.043335 1541.001099 0.006927 -0.132356 -0.213032 0.532540
	-0.007996 3680.003662 0.008987 0.225783 0.069699 0.082485
	0.012939 3353.999512 0.033447 -0.029571 -0.000706 -0.008467
	-0.000036 -0.000099 -0.000452 0.706259 -0.000678 -0.000677
	-239.125610 3183.083008 298.777161 -0.494703 0.000000 0.510801
	0.034332 1096.999023 0.022491 0.457179 0.132287 -0.398004
	0.000408 5360.001465 0.001316 -0.259995 -0.031133 -0.196728
	-0.001375 7728.996582 0.005310 0.021383 -0.068281 0.021852
	-239.124390 3183.082031 298.776215 0.111250 -0.000000 -0.719389
	0.007284 1096.999512 -0.005507 0.110507 -0.090947 0.624784
	-0.000763 5360.001953 0.000702 -0.266233 0.010180 -0.062816
	0.000702 7729.001953 0.009903 0.072211 -0.112143 0.018986
}

frame 14 {
	0.618750 -7.878752 -0.315000 -0.707107 -0.000000 -0.000000
	-0.000289 0.000144 0.000531 0.681327 0.000329 -0.003745
	-747.264465 -4138.764160 991.583496 -0.367122 -0.000000 0.462792
	0.001892 1448.000977 -0.001404 0.511412 0.285500 -0.016058
	0.000172 1540.999512 0.040131 0.016861 0.170706 -0.394903
	0.001297 3680.000000 -0.015930 0.226160 0.011851 0.013831
	0.028564 3353.999512 0.018044 -0.023746 0.000001 -0.001163
	-747.263123 -4138.770020 991.583191 0.980200 0.036001 -0.012925
	0.000434 1194.000122 0.013161 0.006330 0.000000 -0.002753
	-747.263428 -4138.770020 991.582642 0.022968 -0.000000 -0.525344
	0.020069 1447.999146 -0.038599 0.317955 -0.202613 0.248368
	0.045441 1541.001709 0.007812 -0.126390 -0.206931 0.524852
	-0.007446 3680.002197 0.009247 0.234513 0.069530 0.085674
	0.011353 3354.000000 0.034180 -0.031413 -0.000706 -0.008995
	-0.000167 0.000022 -0.000446 0.706471 -0.000508 -0.000508
	-239.125656 3183.083008 298.777039 -0.494703 0.000000 0.510801
	0.036255 1096.999390 0.024109 0.460808 0.127974 -0.398118
	-0.000065 5360.001465 0.001837 -0.258259 -0.031157 -0.195415
	-0.000967 7728.995117 0.004486 0.020182 -0.062321 0.020742
	-239.124435 3183.082031 298.776062 0.111250 -0.000000 -0.719389
	0.009399 1097.000366 -0.005702 0.102576 -0.093824 0.622092
	-0.000214 5360.000977 0.000076 -0.255986 0.010211 -0.060398
	0.001236 7729.002930 0.009483 0.069388 -0.100161 0.017767
}

frame 15 {
	0.628125 -7.893752 -0.296250 -0.707107 -0.000000 -0.000000
	-0.000546 0.000080 -0.000434 0.683848 0.000227 -0.003439
	-747.264587 -4138.767578 991.583252 -0.367122 -0.000000 0.462792
	0.001465 1448.000000 -0.001770 0.511247 0.283174 -0.020919
	-0.000946 1540.998779 0.039307 0.022077 0.166571 -0.388788
	0.001266 3679.998291 -0.016068 0.221870 0.011863 0.013569
	0.028625 3354.000000 0.014439 -0.011491 0.000000 -0.000563
	-747.263062 -4138.775391 991.583435 0.981577 0.033239 -0.013248
	0.000504 1193.998047 0.011932 0.001582 -0.000000 -0.000688
	-747.263428 -4138.773438 991.582581 0.022968 -0.000000 -0.525344
	0.018488 1448.001343 -0.037476 0.312889 -0.198775 0.257674
	0.042770 1541.001465 0.005707 -0.121857 -0.201646 0.517914
	-0.006989 3680.001953 0.008102 0.242700 0.069366 0.088665
	0.011108 3354.000000 0.034790 -0.032703 -0.000706 -0.009365
	-0.000302 0.000141 0.000542 0.706683 -0.000339 -0.000339
	-239.125641 3183.084229 298.777100 -0.494703 0.000000 0.510801
	0.034927 1096.999878 0.024353 0.464342 0.122442 -0.398795
	0.000679 5360.002441 0.001198 -0.256088 -0.031188 -0.193772
	-0.001240 7728.995117 0.005524 0.018670 -0.055621 0.019772
	-239.124481 3183.083252 298.776184 0.111250 -0.000000 -0.719389
	0.009433 1097.001099 -0.005244 0.093354 -0.096214 0.619441
	-0.000366 5360.001953 0.000504 -0.244624 0.010244 -0.057718
	0.001251 7729.002441 0.009441 0.065633 -0.087637 0.016394
}

frame 16 {
	0.630000 -7.905002 -0.285000 -0.707107 -0.000000 -0.000000
	-0.000679 0.000323 0.000546 0.686727 0.000072 -0.003120
	-747.264038 -4138.767578 991.584229 -0.367122 -0.000000 0.462792
	0.004547 1448.000244 -0.000366 0.511178 0.281826 -0.024043
	-0.000862 1541.000610 0.039124 0.026017 0.161703 -0.384351
	0.001892 3680.000244 -0.013359 0.217950 0.011874 0.013329
	0.028687 3353.999512 0.016077 -0.003831 0.000000 -0.000188
	-747.263062 -4138.769531 991.583618 0.983241 0.029748 -0.013656
	0.000873 1193.995972 0.010677 -0.003517 0.000000 0.001528
	-747.263489 -4138.771484 991.582520 0.022968 -0.000000 -0.525344
	0.015510 1448.001343 -0.036764 0.309054 -0.195148 0.265224
	0.046143 1541.001221 0.006409 -0.118081 -0.196602 0.511520
	-0.004395 3680.000244 0.008621 0.249826 0.069218 0.091269
	0.010864 3354.000488 0.035156 -0.033624 -0.000706 -0.009629
	-0.000312 0.000140 0.000546 0.706683 -0.000339 -0.000339
	-239.125580 3183.083252 298.777100 -0.494703 0.000000 0.510801
	0.034988 1096.998779 0.024567 0.468936 0.115011 -0.398732
	-0.000286 5360.001953 0.000595 -0.253625 -0.031222 -0.191909
	-0.000896 7728.995117 0.004364 0.017238 -0.047892 0.018290
	-239.124359 3183.082275 298.776184 0.111250 -0.000000 -0.719389
	0.007630 1097.000366 -0.004958 0.083516 -0.098525 0.616695
	-0.000290 5360.000488 -0.000732 -0.232139 0.010278 -0.054772
	-0.000031 7729.001953 0.009163 0.062603 -0.073729 0.014562
}

frame 17 {
	0.637500 -7.914377 -0.268125 -0.707107 -0.000000 -0.000000
	-0.000199 -0.000167 0.000555 0.689758 -0.000142 -0.002822
	-747.264465 -4138.767090 991.583557 -0.367122 -0.000000 0.462792
	0.003906 1447.999756 0.000366 0.511416 0.280498 -0.025007
	-0.001190 1541.000000 0.038757 0.029820 0.156198 -0.381361
	0.001732 3679.997070 -0.016453 0.213465 0.011886 0.013055
	0.029053 3353.999512 0.017086 -0.000383 0.000000 -0.000019
	-747.263245 -4138.769043 991.583252 0.984919 0.026035 -0.014088
	0.000626 1193.999634 0.011873 -0.007210 -0.000000 0.003134
	-747.263672 -4138.770996 991.582581 0.022968 -0.000000 -0.525344
	0.014718 1447.999878 -0.038265 0.306039 -0.192997 0.270612
	0.045120 1541.004639 0.008972 -0.115182 -0.194807 0.507764
	-0.007904 3680.001465 0.010391 0.251389 0.069185 0.091839
	0.011475 3353.999512 0.035034 -0.033440 -0.000706 -0.009576
	-0.000199 0.000138 0.000555 0.706683 -0.000339 -0.000339
	-239.125656 3183.083984 298.777039 -0.494703 0.000000 0.510801
	0.035858 1096.999634 0.023621 0.472735 0.108172 -0.398802
	0.000401 5360.001465 0.001389 -0.250579 -0.031264 -0.189604
	-0.001194 7728.995605 0.005203 0.016355 -0.039598 0.015865
	-239.124557 3183.083008 298.776184 0.111250 -0.000000 -0.719389
	0.007872 1097.000488 -0.005411 0.073753 -0.100218 0.614175
	-0.000061 5360.000488 -0.000626 -0.219614 0.010310 -0.051817
	0.001015 7729.003418 0.009785 0.059069 -0.060293 0.013699
}

frame 18 {
	0.641250 -7.927502 -0.258750 -0.707107 -0.000000 -0.000000
	-0.000089 0.000258 0.001537 0.693174 -0.000039 -0.002213
	-747.264099 -4138.767090 991.583313 -0.367122 -0.000000 0.462792
	0.003601 1448.000732 -0.001648 0.511277 0.280578 -0.025096
	0.000221 1541.000122 0.040161 0.031333 0.150220 -0.379169
	0.001656 3679.999268 -0.016035 0.211595 0.011891 0.012940
	0.029694 3354.000977 0.016006 0.001532 0.000000 0.000075
	-747.262817 -4138.770996 991.583496 0.986742 0.021738 -0.014586
	0.000749 1194.002930 0.012558 -0.010903 -0.000000 0.004739
	-747.263367 -4138.770996 991.582703 0.022968 -0.000000 -0.525344
	0.015841 1447.999756 -0.038799 0.304458 -0.191338 0.273575
	0.042809 1541.000610 0.006317 -0.116492 -0.192248 0.505057
	-0.007416 3680.001465 0.009460 0.256071 0.069084 0.093550
	0.009888 3354.000732 0.033447 -0.032150 -0.000706 -0.009206
	-0.000211 0.000136 0.000560 0.706683 -0.000339 -0.000339
	-239.125763 3183.083496 298.777039 -0.494703 0.000000 0.510801
	0.035156 1096.999390 0.025909 0.476505 0.100155 -0.398995
	0.001003 5360.000977 0.001717 -0.246365 -0.031321 -0.186415
	-0.000771 7728.996094 0.005234 0.014727 -0.031332 0.013917
	-239.124557 3183.082520 298.776184 0.111250 -0.000000 -0.719389
	0.009919 1097.000000 -0.005281 0.061467 -0.100390 0.611301
	0.000008 5360.001465 0.001266 -0.202671 0.010351 -0.047819
	0.000221 7729.001465 0.009680 0.053735 -0.046871 0.012188
}

frame 19 {
	0.656250 -7.946252 -0.243750 -0.707107 -0.000000 -0.000000
	-0.000228 0.000011 0.000576 0.696233 -0.000237 -0.001894
	-747.264954 -4138.769531 991.583313 -0.367122 -0.000000 0.462792
	0.005615 1448.000854 0.000183 0.511406 0.281180 -0.024738
	-0.001633 1541.001465 0.040039 0.032416 0.144368 -0.377955
	0.002182 3679.999023 -0.013552 0.209724 0.011896 0.012826
	0.029175 3354.000244 0.016693 0.002298 0.000001 0.000113
	-747.263367 -4138.773438 991.583801 0.988604 0.017000 -0.015132
	0.000696 1194.001953 0.011122 -0.013540 -0.000000 0.005886
	-747.263550 -4138.773438 991.583008 0.022968 -0.000000 -0.525344
	0.016071 1448.001709 -0.039619 0.303927 -0.191153 0.274222
	0.045540 1541.002441 0.006668 -0.116785 -0.191304 0.504594
	-0.006287 3680.003662 0.009933 0.256071 0.069084 0.093550
	0.011597 3354.000488 0.034180 -0.029755 -0.000706 -0.008520
	-0.000228 0.000194 0.000576 0.706683 -0.000339 -0.000339
	-239.125549 3183.083984 298.777008 -0.494703 0.000000 0.510801
	0.034607 1096.999268 0.023865 0.479120 0.091752 -0.400882
	0.001200 5360.000977 0.001499 -0.240833 -0.031394 -0.182229
	-0.000473 7728.995605 0.005585 0.012252 -0.023054 0.011252
	-239.124451 3183.083008 298.776184 0.111250 -0.000000 -0.719389
	0.007540 1097.000122 -0.005560 0.046999 -0.098324 0.607935
	-0.000126 5360.000977 -0.000168 -0.180165 0.010400 -0.042509
	0.000282 7729.002930 0.010452 0.045706 -0.034525 0.010274
}

frame 20 {
	0.667500 -7.972502 -0.232500 -0.707107 -0.000000 -0.000000
	-0.000374 0.000006 0.000589 0.699429 -0.000239 -0.001396
	-747.263977 -4138.764160 991.584229 -0.367122 -0.000000 0.462792
	0.005981 1448.000244 0.000732 0.511555 0.281901 -0.023057
	-0.001434 1541.002075 0.040771 0.034643 0.139938 -0.377879
	0.002884 3679.997803 -0.015312 0.206729 0.011904 0.012642
	0.030121 3354.000488 0.017975 0.002298 0.000001 0.000113
	-747.263062 -4138.766113 991.583618 0.990413 0.011967 -0.015709
	0.000775 1194.000366 0.010969 -0.014771 0.000000 0.006421
	-747.263489 -4138.768066 991.582703 0.022968 -0.000000 -0.525344
	0.018564 1448.000854 -0.038580 0.304989 -0.191522 0.272927
	0.045929 1541.002319 0.007385 -0.118968 -0.191193 0.505632
	-0.007874 3680.002930 0.010544 0.256071 0.069084 0.093550
	0.010498 3353.999512 0.032715 -0.025071 0.000000 -0.007166
	-0.000252 0.000189 0.000589 0.706683 -0.000339 -0.000339
	-239.125565 3183.084473 298.777130 -0.494703 0.000000 0.510801
	0.035461 1096.999390 0.023529 0.481353 0.084092 -0.402770
	0.000550 5360.000488 0.001468 -0.235579 -0.031462 -0.178254
	-0.000557 7728.995117 0.005077 0.009578 -0.015483 0.009935
	-239.124466 3183.083496 298.776215 0.111250 -0.000000 -0.719389
	0.008758 1097.000366 -0.005817 0.029799 -0.093656 0.604711
	-0.000421 5360.001465 0.000732 -0.151664 0.010454 -0.035784
	0.000315 7729.002441 0.009571 0.035379 -0.022897 0.008505
}

frame 21 {
	0.676875 -7.991252 -0.223125 -0.707107 -0.000000 -0.000000
	-0.000391 0.000308 0.000599 0.701941 -0.000285 -0.001039
	-747.264404 -4138.766113 991.583557 -0.367122 -0.000000 0.462792
	-0.000488 1447.999512 -0.002808 0.511444 0.283642 -0.019300
	0.001160 1541.000122 0.039551 0.034397 0.135957 -0.380131
	0.001526 3679.999023 -0.014183 0.206729 0.011904 0.012642
	0.029785 3354.000000 0.018768 0.002107 0.000000 0.000103
	-747.262817 -4138.770020 991.583435 0.991913 0.007370 -0.016234
	0.000391 1194.000366 0.010670 -0.013540 -0.000000 0.005886
	-747.263367 -4138.770020 991.582581 0.022968 -0.000000 -0.525344
	0.019834 1448.001587 -0.039520 0.306874 -0.193600 0.269363
	0.043991 1541.003540 0.007645 -0.126221 -0.191043 0.508747
	-0.006409 3680.001221 0.009048 0.261611 0.068963 0.095574
	0.010742 3353.999756 0.035522 -0.019357 0.000000 -0.005533
	-0.000269 0.000186 0.000599 0.706683 -0.000339 -0.000339
	-239.125473 3183.083984 298.777008 -0.494703 0.000000 0.510801
	0.034637 1097.000000 0.022949 0.482403 0.076007 -0.405084
	0.001125 5360.000977 0.001595 -0.228264 -0.031554 -0.172719
	-0.000851 7728.994629 0.005328 0.006100 -0.009307 0.007405
	-239.124374 3183.083008 298.776184 0.111250 -0.000000 -0.719389
	0.008191 1097.000000 -0.005263 0.013162 -0.088275 0.601246
	-0.000866 5359.999512 0.000366 -0.123213 0.010498 -0.029072
	0.000111 7729.002441 0.009853 0.025097 -0.013434 0.006309
}

frame 22 {
	0.686250 -8.010002 -0.217500 -0.707107 -0.000000 -0.000000
	-0.000531 0.000183 -0.000368 0.704106 -0.000349 -0.000750
	-747.264465 -4138.766113 991.583557 -0.367122 -0.000000 0.462792
	0.006042 1447.999756 -0.001953 0.511513 0.286477 -0.014320
	-0.001160 1541.000488 0.040955 0.032915 0.133913 -0.383771
	0.001144 3679.998047 -0.013077 0.206729 0.011904 0.012642
	0.027893 3354.000977 0.018250 0.001149 0.000000 0.000056
	-747.263000 -4138.770020 991.584106 0.993021 0.003648 -0.016657
	0.000331 1193.998047 0.011688 -0.010199 -0.000000 0.004433
	-747.263428 -4138.770020 991.582825 0.022968 -0.000000 -0.525344
	0.018427 1448.000732 -0.038597 0.310284 -0.196324 0.263035
	0.044228 1541.003418 0.008606 -0.131741 -0.192153 0.513881
	-0.005707 3680.000488 0.009506 0.261265 0.068970 0.095448
	0.009155 3354.000244 0.033813 -0.012905 0.000000 -0.003689
	-0.000287 0.000183 0.000608 0.706683 -0.000339 -0.000339
	-239.125626 3183.084473 298.777069 -0.494703 0.000000 0.510801
	0.034424 1096.999756 0.024170 0.482323 0.069358 -0.407057
	0.000404 5360.001465 0.001606 -0.221516 -0.031636 -0.167613
	-0.000916 7728.995605 0.005119 0.003027 -0.004111 0.004711
	-239.124405 3183.083496 298.776215 0.111250 -0.000000 -0.719389
	0.007888 1097.000122 -0.005312 -0.006061 -0.079431 0.598032
	-0.000149 5360.000488 0.000763 -0.088337 0.010540 -0.020843
	0.000439 7729.002930 0.010155 0.011260 -0.006138 0.003864
}

frame 23 {
	0.684375 -8.023127 -0.217500 -0.707107 -0.000000 -0.000000
	-0.000421 0.000120 0.000607 0.706069 -0.000136 -0.000271
	-747.264587 -4138.764160 991.583435 -0.367122 -0.000000 0.462792
	0.005737 1448.000122 0.000488 0.511591 0.289963 -0.007663
	-0.000275 1541.001465 0.041748 0.028006 0.131996 -0.389861
	0.001602 3679.997314 -0.015884 0.212904 0.011888 0.013020
	0.029633 3354.000000 0.016510 0.000191 0.000000 0.000009
	-747.262939 -4138.768066 991.583984 0.993746 0.001021 -0.016955
	0.000731 1194.001465 0.013000 -0.005276 -0.000000 0.002293
	-747.263428 -4138.771973 991.582642 0.022968 -0.000000 -0.525344
	0.015079 1447.998047 -0.038532 0.314877 -0.200033 0.254209
	0.045189 1541.002686 0.008820 -0.139226 -0.194988 0.520688
	-0.004578 3680.002686 0.009995 0.259361 0.069012 0.094752
	0.010498 3353.999512 0.033203 -0.006453 0.000000 -0.001844
	-0.000299 -0.000093 -0.000370 0.707001 -0.000084 -0.000084
	-239.125381 3183.083740 298.777069 -0.494703 0.000000 0.510801
	0.034912 1096.999634 0.023071 0.481664 0.064091 -0.408645
	0.000357 5360.000977 0.001583 -0.216076 -0.031700 -0.163496
	-0.000954 7728.995117 0.005182 0.000973 -0.000901 0.002353
	-239.124283 3183.082764 298.776184 0.111250 -0.000000 -0.719389
	0.006652 1097.000244 -0.005138 -0.022879 -0.070809 0.595503
	-0.000843 5359.999512 0.000023 -0.057819 0.010565 -0.013642
	0.000290 7729.002930 0.009933 0.000014 -0.001480 0.000910
}

