MD5Version 10
commandline ""

numFrames 12
numJoints 23
frameRate 24
numAnimatedComponents 138

hierarchy {
	"bone0"	-1 63 0	//
	"bone1"	0 63 6	// bone0
	"bone3"	1 63 12	// bone1
	"bone8"	2 63 18	// bone3
	"bone13"	3 63 24	// bone8
	"bone17"	4 63 30	// bone13
	"bone21"	5 63 36	// bone17
	"bone4"	1 63 42	// bone1
	"bone9"	7 63 48	// bone4
	"bone5"	1 63 54	// bone1
	"bone10"	9 63 60	// bone5
	"bone14"	10 63 66	// bone10
	"bone18"	11 63 72	// bone14
	"bone22"	12 63 78	// bone18
	"bone2"	0 63 84	// bone0
	"bone6"	14 63 90	// bone2
	"bone11"	15 63 96	// bone6
	"bone15"	16 63 102	// bone11
	"bone19"	17 63 108	// bone15
	"bone7"	14 63 114	// bone2
	"bone12"	19 63 120	// bone7
	"bone16"	20 63 126	// bone12
	"bone20"	21 63 132	// bone16
}

bounds {
	( -5262.370117 -14866.051270 -5262.370117 ) ( -5262.370117 6113.876221 5059.823730 )
	( -5272.710449 -14832.822754 -5272.710449 ) ( -5272.710449 6129.268921 5083.450684 )
	( -5255.261230 -14793.579102 -5255.261230 ) ( -5255.261230 6126.257568 5081.575195 )
	( -5240.678711 -14745.824707 -5240.678711 ) ( -5240.678711 6120.050537 5077.233887 )
	( -5219.102051 -14699.435059 -5219.102051 ) ( -5219.102051 6101.520996 5066.865723 )
	( -5213.771484 -14606.306641 -5213.771484 ) ( -5213.771484 6133.306396 5092.089844 )
	( -5198.359375 -14570.500977 -5198.359375 ) ( -5198.359375 6113.940674 5083.088867 )
	( -5193.371094 -14528.721680 -5193.371094 ) ( -5193.371094 6112.930847 5090.807617 )
	( -5177.473633 -14502.100586 -5177.473633 ) ( -5177.473633 6115.094238 5082.202148 )
	( -5181.092285 -14495.944824 -5181.092285 ) ( -5181.092285 6121.485840 5089.658691 )
	( -5182.222656 -14492.809082 -5182.222656 ) ( -5182.222656 6122.619385 5093.745605 )
	( -5188.023438 -14498.943359 -5188.023438 ) ( -5188.023438 6119.111572 5087.830078 )
	( -5200.488281 -14512.865234 -5200.488281 ) ( -5200.488281 6117.979370 5089.162109 )
	( -5205.730469 -14529.536133 -5205.730469 ) ( -5205.730469 6116.926392 5092.059570 )
	( -5210.705078 -14562.059082 -5210.705078 ) ( -5210.705078 6108.927734 5078.270996 )
	( -5206.326172 -14594.412109 -5206.326172 ) ( -5206.326172 6103.391113 5075.962891 )
	( -5222.468750 -14617.578613 -5222.468750 ) ( -5222.468750 6103.114258 5075.054199 )
	( -5222.311523 -14629.782227 -5222.311523 ) ( -5222.311523 6116.006836 5080.983398 )
	( -5239.625000 -14662.273926 -5239.625000 ) ( -5239.625000 6115.252930 5074.403809 )
	( -5247.506348 -14693.718750 -5247.506348 ) ( -5247.506348 6122.652832 5079.289062 )
	( -5249.406738 -14746.752441 -5249.406738 ) ( -5249.406738 6118.205811 5077.630371 )
	( -5268.795410 -14786.968750 -5268.795410 ) ( -5268.795410 6110.983765 5073.732422 )
	( -5269.717285 -14820.011719 -5269.717285 ) ( -5269.717285 6118.031982 5076.958984 )
	( -5269.952148 -14855.364746 -5269.952148 ) ( -5269.952148 6110.421875 5067.146973 )
}

baseframe {
	( 0.307500 -5.715002 -1.942500 ) ( 0.707107 0.000000 0.000000 )
	( -0.000385 -0.000134 -0.000004 ) ( -0.449074 0.002252 0.015818 )
	( -747.264526 -4138.768066 991.584412 ) ( 0.367122 0.000000 -0.462792 )
	( 0.002869 1447.999756 0.001892 ) ( -0.514864 -0.294444 -0.009906 )
	( 0.000366 1541.000488 0.040588 ) ( -0.002854 -0.158137 0.392386 )
	( 0.001602 3679.996826 -0.015450 ) ( -0.574111 -0.009952 -0.035118 )
	( 0.029602 3354.000488 0.017517 ) ( 0.011229 0.011042 -0.000055 )
	( -747.263306 -4138.772461 991.584412 ) ( -0.995352 0.005548 0.017695 )
	( 0.000652 1194.002075 0.010626 ) ( -0.035715 -0.014750 0.010766 )
	( -747.263611 -4138.772949 991.583923 ) ( -0.022968 0.000000 0.525344 )
	( 0.019104 1448.000488 -0.037777 ) ( -0.318203 0.211503 -0.236048 )
	( 0.044067 1541.002441 0.004974 ) ( 0.057887 0.074858 -0.553666 )
	( -0.005310 3680.003174 0.009246 ) ( -0.544375 -0.058514 -0.198880 )
	( 0.010498 3354.000000 0.031982 ) ( 0.050753 0.000678 -0.004624 )
	( -0.000385 -0.000378 0.000972 ) ( -0.612784 0.016849 -0.019870 )
	( -239.125626 3183.082275 298.777191 ) ( 0.494703 -0.000000 -0.510801 )
	( 0.035400 1096.999146 0.024475 ) ( -0.620905 -0.167490 0.215647 )
	( -0.001343 5360.001953 0.001445 ) ( 0.537341 0.024333 0.406585 )
	( -0.002457 7728.994629 0.004395 ) ( -0.296530 0.036243 -0.022966 )
	( -239.124542 3183.081055 298.776733 ) ( -0.111250 0.000000 0.719389 )
	( 0.007868 1096.999634 -0.004265 ) ( -0.394596 0.412856 -0.483234 )
	( -0.000305 5360.000977 -0.000580 ) ( 0.774569 -0.006409 0.182754 )
	( 0.001678 7729.003906 0.008850 ) ( -0.409627 -0.066322 -0.106842 )
}

frame 0 {
	0.307500 -5.715002 -1.942500 -0.707107 -0.000000 -0.000000
	-0.000385 -0.000134 -0.000004 0.449074 -0.002252 -0.015818
	-747.264526 -4138.768066 991.584412 -0.367122 -0.000000 0.462792
	0.002869 1447.999756 0.001892 0.514864 0.294444 0.009906
	0.000366 1541.000488 0.040588 0.002854 0.158137 -0.392386
	0.001602 3679.996826 -0.015450 0.574111 0.009952 0.035118
	0.029602 3354.000488 0.017517 -0.011229 -0.011042 0.000055
	-747.263306 -4138.772461 991.584412 0.995352 -0.005548 -0.017695
	0.000652 1194.002075 0.010626 0.035715 0.014750 -0.010766
	-747.263611 -4138.772949 991.583923 0.022968 -0.000000 -0.525344
	0.019104 1448.000488 -0.037777 0.318203 -0.211503 0.236048
	0.044067 1541.002441 0.004974 -0.057887 -0.074858 0.553666
	-0.005310 3680.003174 0.009246 0.544375 0.058514 0.198880
	0.010498 3354.000000 0.031982 -0.050753 -0.000678 0.004624
	-0.000385 -0.000378 0.000972 0.612784 -0.016849 0.019870
	-239.125626 3183.082275 298.777191 -0.494703 0.000000 0.510801
	0.035400 1096.999146 0.024475 0.620905 0.167490 -0.215647
	-0.001343 5360.001953 0.001445 -0.537341 -0.024333 -0.406585
	-0.002457 7728.994629 0.004395 0.296530 -0.036243 0.022966
	-239.124542 3183.081055 298.776733 0.111250 -0.000000 -0.719389
	0.007868 1096.999634 -0.004265 0.394596 -0.412856 0.483234
	-0.000305 5360.000977 -0.000580 -0.774569 0.006409 -0.182754
	0.001678 7729.003906 0.008850 0.409627 0.066322 0.106842
}

frame 1 {
	0.600000 -8.062502 -0.502500 -0.707107 -0.000000 -0.000000
	-0.000099 0.000239 -0.001468 0.667711 0.006506 -0.005798
	-747.265015 -4138.765137 991.583313 -0.367122 -0.000000 0.462792
	0.003159 1447.999634 -0.001007 0.511860 0.294364 0.001715
	-0.002583 1540.999634 0.041145 0.021872 0.133436 -0.395382
	0.001549 3679.998779 -0.014496 0.280209 0.011678 0.017138
	0.029022 3354.000977 0.018951 -0.000216 -0.000676 0.000290
	-747.263489 -4138.770996 991.584900 0.994091 -0.000293 -0.017103
	0.000959 1194.001221 0.010743 0.001406 0.000000 -0.000612
	-747.263611 -4138.770996 991.582886 0.022968 -0.000000 -0.525344
	0.018536 1448.001465 -0.037651 0.320321 -0.205056 0.243153
	0.045593 1541.000244 0.005981 -0.145014 -0.178838 0.532108
	-0.003815 3680.001709 0.008812 0.323886 0.067400 0.118326
	0.011719 3354.000244 0.034424 -0.002423 0.000007 0.000105
	-0.000221 -0.000066 -0.000491 0.698268 0.002014 -0.001648
	-239.125687 3183.081543 298.777008 -0.494703 0.000000 0.510801
	0.034851 1096.999268 0.021416 0.471493 0.055013 -0.417950
	0.000652 5360.000488 0.001076 -0.177107 -0.032110 -0.134010
	-0.000508 7728.995605 0.003370 -0.010428 0.012358 -0.025396
	-239.124466 3183.080566 298.776123 0.111250 -0.000000 -0.719389
	0.007308 1096.999756 -0.005886 -0.040875 -0.078665 0.597140
	0.000221 5360.001465 0.000714 -0.029108 0.010579 -0.006868
	0.000961 7729.001953 0.010376 -0.004934 0.008481 -0.009994
}

frame 2 {
	0.675000 -8.025002 -0.442500 -0.707107 -0.000000 -0.000000
	-0.000429 0.000364 -0.000412 0.707107 0.000000 0.000000
	-747.264465 -4138.765625 991.583435 -0.367122 -0.000000 0.462792
	0.003448 1447.999878 -0.001465 0.511860 0.294364 0.001715
	0.002502 1540.998169 0.039642 0.022165 0.132056 -0.398775
	0.002228 3679.998047 -0.014206 0.215708 0.011880 0.013192
	0.028778 3353.999268 0.018372 -0.000000 0.000000 -0.000000
	-747.262939 -4138.771484 991.584229 0.994015 -0.000001 -0.017070
	0.000783 1193.999023 0.011387 -0.000000 0.000000 -0.000001
	-747.263367 -4138.771484 991.582886 0.022968 -0.000000 -0.525344
	0.014627 1448.001099 -0.038000 0.320321 -0.205056 0.243153
	0.045059 1541.002441 0.006470 -0.146326 -0.200305 0.529214
	-0.005432 3680.002197 0.010605 0.250521 0.069203 0.091522
	0.010010 3353.999023 0.033691 -0.000738 -0.000000 -0.000211
	-0.000307 -0.000185 -0.000412 0.707107 0.000000 0.000000
	-239.125427 3183.083984 298.776947 -0.494703 0.000000 0.510801
	0.035263 1096.998779 0.023438 0.480396 0.061332 -0.408860
	0.000529 5360.000977 0.002113 -0.212099 -0.031746 -0.160487
	-0.000397 7728.996582 0.004692 -0.000000 -0.000000 0.000000
	-239.124329 3183.083008 298.776093 0.111250 -0.000000 -0.719389
	0.008040 1097.000244 -0.005147 -0.025375 -0.070078 0.595986
	-0.000641 5359.999512 0.000740 -0.055210 0.010566 -0.013027
	0.000740 7729.002441 0.010017 0.000000 -0.000000 0.000000
}

frame 3 {
	0.247500 -6.765001 -1.927500 -0.707107 -0.000000 -0.000000
	0.000282 0.000687 0.001895 0.382171 -0.556467 0.397594
	-747.264099 -4138.767578 991.583008 -0.367122 -0.000000 0.462792
	0.001831 1448.000854 -0.002869 0.208742 0.522018 0.459252
	-0.004028 1540.999146 0.039795 0.525559 0.316334 -0.106334
	0.000977 3679.996826 -0.012085 0.731290 0.008279 0.044734
	0.030060 3353.998535 0.018097 -0.359664 -0.049276 -0.032328
	-747.261963 -4138.771484 991.586182 -0.989622 0.089140 0.018240
	-0.000107 1194.000244 0.010498 0.240112 -0.471072 -0.075591
	-747.263184 -4138.773438 991.582947 0.022968 -0.000000 -0.525344
	0.014778 1448.000977 -0.039200 0.395500 -0.373019 -0.299632
	0.046753 1541.001953 0.009171 -0.185156 -0.465859 0.790478
	-0.006104 3680.003906 0.007904 0.839957 0.032134 0.306870
	0.010612 3353.999756 0.032532 -0.000436 -0.238279 0.193529
	-0.000328 0.000199 -0.000058 0.714829 -0.307660 0.306280
	-239.126007 3183.083984 298.776398 -0.494703 0.000000 0.510801
	0.036167 1096.999268 0.024048 0.405169 0.060023 -0.589453
	0.000320 5360.001953 0.001709 -0.588395 -0.022228 -0.445216
	-0.001602 7728.996582 0.003964 0.060214 -0.014468 0.198632
	-239.125427 3183.083984 298.776245 0.111250 -0.000000 -0.719389
	0.005859 1097.000610 -0.005249 0.295889 -0.056926 0.805439
	-0.000671 5360.000977 0.002594 -0.133942 0.010483 -0.031603
	0.001137 7729.002441 0.012817 0.045025 0.158509 -0.127059
}

frame 4 {
	0.165000 -5.302501 -5.587500 -0.707107 -0.000000 -0.000000
	0.000607 0.000176 0.001268 0.452484 -0.519489 0.410507
	-747.264893 -4138.768066 991.583862 -0.367122 -0.000000 0.462792
	0.002991 1448.001221 -0.002563 0.135809 0.525104 0.478789
	-0.000183 1540.997314 0.037598 0.599897 0.489362 -0.000233
	0.001953 3679.997070 -0.013252 0.477931 0.010681 0.029234
	0.026764 3353.998047 0.018295 -0.322351 0.135717 -0.155319
	-747.264160 -4138.770508 991.585938 -0.990422 0.086769 0.028682
	0.000740 1193.999756 0.011841 0.115909 -0.449423 -0.089379
	-747.263550 -4138.770508 991.582886 0.022969 -0.000000 -0.525344
	0.018974 1448.001587 -0.039124 0.438526 -0.376044 -0.315275
	0.041740 1541.002441 0.007006 -0.013417 -0.703395 0.692003
	-0.005859 3680.003418 0.009766 0.794324 0.038319 0.290198
	0.009674 3353.999268 0.037231 -0.292959 -0.110118 0.099905
	-0.000187 0.000176 0.001268 0.683285 -0.308448 0.367902
	-239.125366 3183.083496 298.776855 -0.494703 0.000000 0.510801
	0.037018 1097.000244 0.024231 0.550522 0.281796 -0.479499
	-0.000336 5360.000488 -0.002472 -0.667434 -0.018022 -0.505022
	-0.000671 7728.997070 0.003540 0.261366 0.136467 0.392942
	-239.124329 3183.083252 298.776215 0.111250 -0.000000 -0.719389
	0.007187 1097.000122 -0.005402 0.487667 -0.290149 0.761163
	-0.000366 5360.001465 0.000000 -0.537616 0.008822 -0.126847
	-0.000732 7729.003418 0.007660 0.168150 0.180092 -0.106707
}

frame 5 {
	0.007500 -5.977501 -7.710001 -0.707107 -0.000000 -0.000000
	0.000368 0.001056 -0.000174 0.538084 -0.427463 0.462119
	-747.263916 -4138.766602 991.582947 -0.367122 -0.000000 0.462792
	0.001587 1448.000488 -0.002014 0.107454 0.524478 0.486078
	-0.000839 1541.000488 0.042969 0.607130 0.541054 0.029342
	0.001038 3679.999023 -0.016167 0.349924 0.011395 0.021403
	0.025558 3354.000977 0.014542 -0.326342 0.215624 -0.200409
	-747.262756 -4138.770508 991.583496 -0.990584 0.086247 0.026374
	0.001205 1194.003296 0.010681 -0.014447 -0.433860 -0.106580
	-747.262939 -4138.772461 991.582397 0.022968 -0.000000 -0.525344
	0.017044 1448.000366 -0.038651 0.459826 -0.377325 -0.315985
	0.042633 1541.002197 0.007866 0.029879 -0.724365 0.662010
	-0.006470 3680.002686 0.010986 0.757856 0.042417 0.276875
	0.010834 3354.000000 0.034279 -0.049002 0.027063 0.196085
	-0.000060 -0.000898 -0.000174 0.716365 -0.257170 0.383271
	-239.123962 3183.083496 298.775085 -0.494703 0.000000 0.510801
	0.036087 1096.999023 0.024704 0.478243 0.166120 -0.554229
	0.002747 5360.002441 -0.000732 -0.586742 -0.022302 -0.443965
	-0.000549 7728.998047 0.003967 0.224456 0.082447 0.336253
	-239.123199 3183.081055 298.775757 0.111250 -0.000000 -0.719389
	0.006752 1097.001587 -0.003723 0.343189 -0.209080 0.781353
	-0.000732 5360.001953 0.000977 -0.357926 0.009842 -0.084450
	-0.001633 7729.003906 0.010162 0.075206 0.274898 -0.144704
}

frame 6 {
	0.060000 -6.345001 -9.344999 -0.707107 -0.000000 -0.000000
	0.000007 -0.002907 0.001583 0.514392 -0.402081 0.472996
	-747.262939 -4138.768066 991.583130 -0.367122 -0.000000 0.462792
	0.001038 1447.999512 -0.002808 0.086538 0.523290 0.490989
	-0.001991 1540.997070 0.042236 0.626565 0.589952 0.154301
	0.001160 3679.999756 -0.013466 0.000004 0.012169 -0.000004
	0.028564 3353.996582 0.015007 -0.347294 0.279779 -0.222342
	-747.262756 -4138.769531 991.584167 -0.985797 0.098425 0.027614
	0.005730 1193.998657 0.013214 0.014875 -0.541147 -0.115066
	-747.263184 -4138.773926 991.582764 0.022968 -0.000000 -0.525344
	0.016356 1448.001587 -0.038937 0.481828 -0.378907 -0.311921
	0.042175 1541.004883 0.008858 0.229418 -0.853121 0.461495
	-0.007202 3680.004883 0.009521 0.449748 0.063037 0.164309
	0.012878 3354.000977 0.032639 -0.469446 -0.052270 0.067776
	-0.000237 -0.002907 0.000606 0.773161 -0.123793 0.255211
	-239.125946 3183.084229 298.776001 -0.494703 0.000000 0.510801
	0.035507 1096.998779 0.023956 0.422426 0.017024 -0.523866
	0.001831 5360.001465 0.002808 -0.505419 -0.025473 -0.382432
	-0.001373 7728.997559 0.004456 0.197294 -0.078519 0.345494
	-239.124512 3183.083740 298.773926 0.111250 -0.000000 -0.719389
	0.007346 1097.000977 -0.002243 0.295689 -0.266569 0.697229
	-0.000732 5359.999023 0.000977 -0.391680 0.009689 -0.092414
	-0.000046 7729.002441 0.011322 0.073059 0.212970 -0.128525
}

frame 7 {
	0.082500 -5.955001 -10.919999 -0.707107 -0.000000 -0.000000
	-0.000234 -0.002849 0.002344 0.317557 -0.363051 0.024662
	-747.264832 -4138.766602 991.581604 -0.367122 -0.000000 0.462792
	0.000244 1447.999756 0.001495 0.412804 0.472598 0.388437
	-0.001099 1540.999878 0.042419 0.244254 0.437028 -0.449292
	0.001709 3680.000000 -0.014938 0.557716 0.010089 0.034115
	0.029236 3354.000488 0.021088 -0.594173 0.065989 -0.078611
	-747.263916 -4138.769043 991.584229 -0.992269 0.081120 0.025846
	0.001404 1193.998657 0.010986 0.171268 -0.209301 -0.151439
	-747.263794 -4138.770508 991.582947 0.022968 -0.000000 -0.525344
	0.016176 1447.999268 -0.038017 0.556565 -0.286730 -0.025785
	0.042904 1540.999512 0.008789 0.315166 -0.591072 0.444755
	-0.006226 3680.004639 0.012558 0.166260 0.070671 0.060738
	0.009785 3354.000244 0.030169 -0.426201 -0.203397 0.144955
	-0.000173 -0.000896 0.000391 0.612496 -0.125472 0.174189
	-239.122787 3183.083740 298.777405 -0.494703 0.000000 0.510801
	0.032715 1097.000610 0.023224 0.510548 0.105172 -0.465875
	-0.000366 5360.000977 0.002319 -0.462668 -0.026822 -0.350083
	-0.001501 7728.998047 0.005249 0.248682 -0.115415 0.365930
	-239.122421 3183.082764 298.777802 0.111250 -0.000000 -0.719389
	0.006877 1097.000732 -0.006561 0.451890 -0.532550 0.573782
	-0.000122 5359.999023 -0.001801 -0.574972 0.008539 -0.135661
	0.001312 7729.002441 0.008865 0.080483 0.228230 -0.132515
}

frame 8 {
	0.135000 -5.595001 -10.282499 -0.707107 -0.000000 -0.000000
	-0.000736 -0.002797 0.000536 0.093181 0.106343 -0.257004
	-747.266235 -4138.769531 991.582031 -0.367122 -0.000000 0.462792
	0.002563 1448.001953 -0.001678 0.166162 0.536881 0.204485
	-0.000366 1540.999756 0.041016 0.142567 -0.150123 -0.623106
	0.001099 3679.998047 -0.011108 0.660035 0.009125 0.040375
	0.030640 3354.000000 0.016785 -0.737929 -0.007462 0.208229
	-747.263794 -4138.776367 991.583313 -0.967363 0.130981 0.030831
	0.000732 1193.999878 0.011536 0.366267 0.182395 -0.072925
	-747.264526 -4138.775391 991.581421 0.022968 -0.000000 -0.525344
	0.016316 1448.001221 -0.039413 0.631201 -0.141115 0.155659
	0.041389 1541.001465 0.006012 -0.268666 -0.642467 0.453617
	-0.007446 3679.999023 0.007431 0.126412 0.071151 0.046180
	0.010986 3354.000488 0.032837 -0.647457 -0.064123 0.145259
	-0.000186 -0.000843 -0.000441 0.638676 -0.011389 0.088310
	-239.124756 3183.082275 298.779968 -0.494703 0.000000 0.510801
	0.036499 1096.997192 0.024658 0.594540 0.192912 -0.328258
	0.001221 5360.002441 0.002319 -0.581746 -0.022524 -0.440185
	-0.001160 7728.996094 0.006790 0.253988 -0.232425 0.403313
	-239.123749 3183.081787 298.778229 0.111250 -0.000000 -0.719389
	0.007839 1097.000244 -0.004688 0.482564 -0.581578 0.424763
	-0.000549 5360.000977 -0.000458 -0.783518 0.006279 -0.184866
	0.000092 7729.002441 0.009979 0.200834 0.196117 -0.081926
}

frame 9 {
	0.157500 -5.452501 -10.155000 -0.707107 -0.000000 -0.000000
	0.000255 -0.002776 0.001552 0.057478 0.163709 -0.267600
	-747.265381 -4138.766602 991.582336 -0.367122 -0.000000 0.462792
	0.000214 1448.002197 -0.000641 -0.048029 0.563338 0.241372
	0.000443 1540.999756 0.040833 0.423998 -0.104562 -0.708679
	0.001709 3679.999512 -0.016724 0.419828 0.011038 0.025679
	0.031738 3354.000488 0.018717 -0.727673 -0.005058 0.403739
	-747.263306 -4138.772461 991.581787 -0.971785 0.124380 0.030191
	0.000488 1193.995605 0.013690 0.391397 0.202767 -0.100614
	-747.263672 -4138.772461 991.581909 0.022968 -0.000000 -0.525344
	0.019365 1448.001831 -0.038570 0.626906 -0.135554 0.161863
	0.042648 1541.000366 0.006439 -0.215539 -0.702743 0.372387
	-0.004883 3680.002930 0.008484 0.000003 0.071805 -0.000002
	0.007080 3354.001221 0.034421 -0.681777 -0.050346 0.153213
	-0.000233 -0.000823 0.001552 0.639523 -0.001057 0.079361
	-239.125702 3183.083252 298.779602 -0.494703 0.000000 0.510801
	0.032990 1096.998901 0.019775 0.613503 0.216534 -0.302922
	0.001709 5360.002930 0.002502 -0.607808 -0.021318 -0.459905
	-0.001099 7728.999023 0.005478 0.255078 -0.241475 0.414423
	-239.124420 3183.081787 298.777985 0.111250 -0.000000 -0.719389
	0.007744 1097.000488 -0.006453 0.498160 -0.584947 0.402527
	0.000000 5360.000977 -0.000267 -0.803397 0.005974 -0.189556
	0.001205 7729.002930 0.008896 0.212439 0.190514 -0.069402
}

frame 10 {
	0.180000 -5.355001 -10.087500 -0.707107 -0.000000 -0.000000
	-0.000720 -0.002762 0.000607 0.055595 0.165714 -0.264920
	-747.265259 -4138.765137 991.582642 -0.367122 -0.000000 0.462792
	0.001770 1448.002808 -0.000702 -0.019287 0.563887 0.232837
	0.000504 1541.000366 0.041565 0.396636 -0.121109 -0.701247
	0.000854 3679.997559 -0.013794 0.465111 0.010765 0.028449
	0.031006 3354.000000 0.018707 -0.705795 -0.004486 0.407456
	-747.262817 -4138.766602 991.582703 -0.980234 0.109937 0.028768
	0.000488 1194.000732 0.012512 0.401687 0.192535 -0.130192
	-747.264160 -4138.768555 991.581299 0.022968 -0.000000 -0.525344
	0.021164 1447.997925 -0.036095 0.609653 -0.139963 0.164282
	0.044868 1541.000732 0.008606 -0.218376 -0.694139 0.396442
	-0.004395 3680.000000 0.008148 0.000003 0.071805 -0.000002
	0.011230 3353.997803 0.031584 -0.687681 -0.054954 0.144229
	0.000012 -0.000809 0.001583 0.636521 0.001092 0.076273
	-239.124878 3183.083252 298.773834 -0.494703 0.000000 0.510801
	0.035065 1096.998291 0.023865 0.626225 0.235895 -0.289344
	0.000854 5360.000488 0.000488 -0.624500 -0.020479 -0.472535
	-0.000793 7728.998535 0.005661 0.255104 -0.242931 0.422181
	-239.124207 3183.082275 298.773987 0.111250 -0.000000 -0.719389
	0.009010 1097.000854 -0.006493 0.509948 -0.599517 0.382361
	-0.001160 5360.000977 0.001202 -0.807170 0.005914 -0.190446
	-0.000824 7729.003906 0.012772 0.196274 0.199794 -0.071293
}

frame 11 {
	0.202500 -5.482501 -9.929999 -0.707107 -0.000000 -0.000000
	0.000294 -0.002781 0.000652 0.071499 0.139228 -0.253910
	-747.265503 -4138.769043 991.584595 -0.367122 -0.000000 0.462792
	0.002380 1447.998413 -0.004608 0.035790 0.560589 0.221996
	-0.002823 1540.999023 0.040039 0.305619 -0.151643 -0.686214
	0.001465 3679.997559 -0.013916 0.584088 0.009865 0.035728
	0.031372 3354.000488 0.021088 -0.684023 -0.001140 0.397270
	-747.265137 -4138.774414 991.585632 -0.988602 0.091640 0.026925
	0.001099 1194.000610 0.012451 0.403635 0.164061 -0.158327
	-747.264526 -4138.774902 991.584351 0.022969 -0.000000 -0.525344
	0.017260 1447.998535 -0.037943 0.582190 -0.150024 0.164142
	0.047501 1541.003174 0.006165 -0.221332 -0.659882 0.463302
	-0.003052 3679.999023 0.009491 0.000003 0.071805 -0.000002
	0.009033 3353.999512 0.030613 -0.680075 -0.058718 0.130489
	-0.000072 -0.000828 0.001628 0.634623 -0.001059 0.076276
	-239.125488 3183.082764 298.777405 -0.494703 0.000000 0.510801
	0.033325 1096.999756 0.022217 0.635675 0.261482 -0.290201
	0.000488 5360.000977 -0.000488 -0.624500 -0.020479 -0.472535
	-0.000244 7728.999023 0.005753 0.227192 -0.243284 0.417103
	-239.124023 3183.082275 298.775665 0.111250 -0.000000 -0.719389
	0.009186 1097.000000 -0.007551 0.491196 -0.607311 0.391924
	-0.000916 5359.999023 0.001389 -0.776373 0.006383 -0.183180
	0.001297 7729.003418 0.008308 0.159614 0.211664 -0.085213
}

